1597693 0.197249 0.139220
1798120 0.223360 0.154598
1706786 0.207653 0.157138
1039434 0.129103 0.080385
1364062 0.161531 0.139848
1502057 0.190858 0.256500
1378802 0.185227 0.157913
1567605 0.276263 0.194592
1115705 0.133435 0.097056
1637531 0.194300 0.180085
1861337 0.233441 0.184598
1583188 0.185516 0.156467
1470503 0.173846 0.372524
1917310 0.226787 0.196330
1306282 0.151434 0.116993
1393551 0.162649 0.147281
1205109 0.139100 0.083639
1323057 0.155041 0.109862
1479425 0.171975 0.139020
1560647 0.182896 0.177492
1765587 0.212526 0.165675
1896603 0.224331 0.172221
1513325 0.177993 0.174930
1311469 0.158272 0.152681
1037356 0.123729 0.123132
1066130 0.124510 0.096799
1781686 0.210829 0.139682
1655288 0.197945 0.200187
1487502 0.171551 0.143706
1316036 0.154688 0.150662
1992485 0.237638 0.193464
1801354 0.215487 0.163595
1418081 0.169259 0.108421
1569248 0.183219 0.162032
1791203 0.214065 0.209126
1904142 0.239762 0.195912
1818952 0.219799 0.200885
1520665 0.177280 0.147722
1694028 0.199736 0.184634
1277173 0.147701 0.103372
1166740 0.134429 0.109864
1329532 0.154368 0.297401
1158371 0.134661 0.093627
1652882 0.195746 0.140649
1256620 0.144612 0.106285
1634515 0.192755 0.148598
1321104 0.157784 0.131279
1989512 0.237040 0.187870
1755989 0.210419 0.147164
1140182 0.135292 0.137038
1326719 0.155410 0.113528
1722597 0.215478 0.122818
1578584 0.185481 0.167777
1314669 0.154320 0.102305
1338196 0.155528 0.136405
1295898 0.151062 0.143793
1753170 0.205024 0.182654
1741182 0.209153 0.207100
1825836 0.219486 0.419847
1178657 0.136121 0.127221
1616555 0.188824 0.143908
1157049 0.133507 0.110112
1485686 0.175235 0.141715
1708056 0.203011 0.147415
1764426 0.208718 0.182321
1732093 0.205354 0.170364
1128956 0.129865 0.104613
1364866 0.158279 0.142971
1753046 0.206306 0.200024
1528949 0.179430 0.162965
1216421 0.142154 0.141664
1887120 0.228990 0.165783
1860420 0.220201 0.167545
1177873 0.136066 0.107273
1700539 0.198264 0.174812
1287545 0.150918 0.104058
1049631 0.121271 0.102087
1683911 0.199868 0.199500
1138035 0.135060 0.094492
1229239 0.142077 0.140019
1673988 0.213273 0.145223
1216303 0.141703 0.103658
1935030 0.233438 0.241295
1115538 0.128112 0.095540
1115538 0.131742 0.139645
1436177 0.169069 0.138479
1591362 0.187170 0.150269
1162753 0.133144 0.107670
1758028 0.233540 0.213125
1568981 0.184831 0.171564
1996375 0.237956 0.215039
1473558 0.172115 0.141494
1126225 0.132327 0.115405
1862002 0.219514 0.192795
1637167 0.197538 0.211885
1207303 0.139537 0.092019
1123454 0.132243 0.138363
1542375 0.181119 0.125815
1915245 0.238727 0.152850
1264279 0.146406 0.105489
