1847491 0.221365 0.239261
1227323 0.150419 0.150224
1270946 0.151128 0.152245
1954226 0.232432 0.235781
1691085 0.198944 0.448605
1125334 0.130911 0.131749
1616431 0.195508 0.881071
1404497 0.178798 0.168367
1030171 0.131740 0.122479
1092800 0.127094 0.152083
1234460 0.148731 0.146971
1440155 0.233531 0.188670
1435440 0.173628 0.172894
1906947 0.346327 0.270957
1309658 0.187474 0.165476
1729304 0.219593 0.214331
1421153 0.171410 0.175240
1180545 0.138804 0.155167
1477333 0.185506 0.256589
1881719 0.223698 0.231623
1819194 0.231452 0.233727
1695956 0.202056 0.222902
1382781 0.162720 0.162734
1929078 0.237610 0.238190
1177776 0.136875 0.143935
1449866 0.174806 0.184046
1252861 0.146525 0.147720
1992326 0.239913 0.243962
1707137 0.206360 0.212008
1767783 0.207522 0.209223
1447716 0.187864 0.174890
1673064 0.198314 0.199305
1670021 0.199193 0.201769
1916721 0.235149 0.241230
1609789 0.193125 0.448573
1209832 0.150065 0.140929
1544575 0.183483 0.282245
1597313 0.189109 0.204218
1053420 0.120966 0.121472
1702471 0.205115 0.206404
1217055 0.145042 0.284556
1649618 0.195087 0.198134
1333230 0.158544 0.158487
1151446 0.133729 0.148921
1807094 0.215223 0.219753
1940727 0.229622 0.252355
1086212 0.125858 0.128380
1804603 0.214773 0.219926
1364858 0.159017 0.160816
1315311 0.153846 0.155205
1366368 0.159196 0.166334
1568171 0.184253 0.186655
1589450 0.189171 0.264491
1939552 0.229660 0.231920
1788790 0.212341 0.218598
1857461 0.219849 0.225017
1006311 0.117699 0.117288
1932186 0.228064 0.241382
1304029 0.151316 0.152762
1866375 0.224533 0.238300
1897944 0.230544 0.426099
1841567 0.223959 0.225596
1677609 0.199216 0.199261
1061143 0.122787 0.123373
1118232 0.133314 0.202248
1552519 0.181336 0.185268
1537245 0.178913 0.179547
1814702 0.215558 0.414304
1569590 0.186355 0.476810
1372613 0.160302 0.191444
1022548 0.118327 0.118918
1387764 0.161055 0.165221
1738416 0.204464 0.360380
1243819 0.147695 0.146057
1939710 0.232481 0.290016
1629476 0.191309 0.194316
1373334 0.157731 0.160050
1737499 0.204952 0.211562
1092854 0.134174 0.137790
1669121 0.195663 0.206793
1177694 0.137629 0.362576
1500272 0.175848 0.178078
1015439 0.116821 0.117884
1669752 0.203367 0.199777
1694145 0.200839 0.203618
1893047 0.242225 0.241356
1124390 0.135370 0.173354
1733913 0.220161 0.222207
1855591 0.231707 0.228704
1802539 0.226603 0.228557
1998971 0.302055 0.300639
1083095 0.149791 0.150243
1939248 0.341776 0.290754
1778442 0.274548 0.225194
1650767 0.197372 0.299897
1771919 0.224917 0.226303
1172478 0.142783 0.156599
1637180 0.200975 0.581147
1219648 0.142707 0.154061
1088206 0.126656 0.139509
