19734526 3.656359  2.078210
14254200 2.514495  1.555256
16264286 2.913062  1.601349
15686537 2.805659  1.588812
19011523 3.584089  1.992123
19009203 3.597144  1.952870
15739194 2.838272  1.664662
12029059 2.177882  1.221290
19987258 3.776119  2.069980
14049932 2.489857  1.560709
18739267 3.371714  2.179863
16622179 2.925134  1.689243
18721517 3.455636  1.992225
17248239 3.236918  1.809938
19496986 3.642375  2.062447
14651031 2.632998  1.456016
17865011 3.285866  1.985464
14147879 2.598477  1.483290
11605588 2.081439  1.302652
15581607 2.749471  1.570462
18258409 3.243579  1.668216
16069989 2.880036  1.651791
14687874 2.677468  1.527916
19845403 3.621023  2.141576
19267972 5.676349  2.539855
18701637 3.493604  2.101363
13327651 2.442443  1.326033
11427509 1.989402  1.169882
14529159 2.788873  1.501534
14276609 2.508294  1.446999
14041822 2.858231  1.401724
10382328 1.975191  1.176998
17372894 3.273656  2.197644
17742599 3.302493  1.870073
13116017 2.347062  1.363246
13416228 2.399066  1.414505
15917930 3.197395  1.705780
15621974 3.100457  1.898044
19473668 3.775081  1.935609
13019266 2.489978  1.316622
10930461 1.878819  1.082775
11430863 1.930938  1.267965
14369621 2.635931  1.534794
13058658 2.214592  1.213636
11958268 2.091386  1.220990
18710547 3.298392  1.847460
15645203 2.686138  1.448166
15267942 2.700263  1.491593
10301074 1.934709  0.995586
15333032 2.712121  1.447866
