18401490 3.546796 2.342550
12924730 2.484825 1.519274
13583715 2.559162 1.589902
17099158 3.313068 2.103252
15069363 2.862172 1.761551
14775204 2.778103 1.728741
17909163 3.433528 2.163423
16937255 3.248141 2.006577
11187513 2.076476 1.299673
19344045 3.727912 2.294388
11406301 2.123855 1.334297
11920154 2.227170 1.396441
17318934 3.281286 2.122496
14386246 2.710010 1.694884
10305681 1.899052 1.192102
10779793 2.063198 1.259800
13190202 2.502631 1.553173
19591929 3.719831 2.317337
16319664 3.044814 1.967433
19017103 3.598733 2.296150
15292276 2.884623 1.775536
19571313 3.815444 2.334759
14740119 2.804278 1.726998
18750233 3.681031 2.230062
17980829 3.498426 2.170701
16743499 3.235982 2.020327
18421703 3.530823 2.299112
10002008 1.884866 1.187492
16553861 3.150221 1.951330
18173254 3.478653 2.188320
12503008 2.363338 1.465090
11968402 2.302042 1.390269
11587798 2.160387 1.335720
14000380 2.641399 1.651221
17759877 3.375610 2.183534
19612208 5.505377 2.995065
16109151 2.940525 2.073153
18023079 3.687363 2.132826
15871829 2.809247 1.749588
16571963 2.924239 1.799485
11372491 1.980863 1.262639
13043174 2.438274 1.497096
10979581 1.960599 1.203022
11462703 2.018661 1.229111
11500789 2.023923 1.323094
10307548 1.785403 1.101228
15963163 2.829462 1.783478
10494229 2.110157 1.190659
14793383 3.127023 1.684758
12710977 2.325326 1.363257
