19394773 3.661235  1.915954
17742852 3.777704  1.889991
10943517 1.907732  1.063487
12620419 2.153744  1.655476
11529407 1.995331  1.079555
12583858 2.481406  1.243286
15902877 2.767333  1.397452
11749657 2.167812  1.170418
14987198 2.907930  1.621657
17814818 3.317866  2.050397
10427388 2.053698  1.091927
14032585 2.345613  1.447833
12023361 2.250195  1.243884
11844117 2.169418  1.405256
12597762 2.169514  1.269866
13281991 2.640944  1.843632
11386443 2.050690  1.187549
18208388 3.567310  1.967186
14657106 2.920833  1.866612
11426890 2.140500  1.249854
10697573 2.427199  1.267193
10766687 1.942412  1.173561
17670249 3.376919  2.144530
12847751 2.500149  1.396185
12922562 2.359517  1.462974
15580509 2.799821  1.806078
16135580 3.083976  1.656722
19532236 3.739302  2.103489
10843571 1.924600  1.189430
15016067 2.824456  1.559681
14972113 2.666713  1.552398
19383835 3.547737  2.156438
10186122 1.844141  1.132879
10408476 1.909574  1.095847
16845861 3.117569  1.914503
17470768 3.168473  1.906620
16883970 3.119298  1.821588
17253286 3.351240  1.841964
18004669 3.379355  1.899454
13852114 2.436204  1.420792
16798380 3.114673  1.803106
10035288 1.745235  1.067789
19938838 3.595562  2.133862
19773201 3.554621  2.110026
15395336 2.844990  1.550732
17322164 3.257363  1.885756
13473336 2.360829  1.375232
12101674 2.145635  1.292005
15877453 2.894167  1.619124
10795232 1.899084  1.158237
