11522414 2.046600 0.969037
16164713 3.120645 1.379090
10704556 1.878347 0.887323
16270106 2.880721 1.364849
13820343 2.420824 1.196350
14325345 2.530473 1.182691
16759272 2.919351 1.453644
13510019 2.405881 1.152445
19522055 3.490483 1.685542
13337775 2.358093 1.127992
18223583 3.282845 1.542137
18679305 3.306810 1.603781
10389390 1.812813 0.871480
13987463 2.474840 1.169618
13058801 2.290814 1.080088
18881204 3.387492 1.603957
11340133 1.969442 0.948635
18209170 3.288296 1.557896
14300815 2.514264 1.213416
13332363 2.341650 1.139299
18404889 3.246204 1.556320
10820244 1.891887 0.928658
14611130 2.585214 1.210114
12242420 2.142605 1.025378
17603670 3.166936 1.511245
14774230 2.592394 1.230404
11107349 1.939348 0.935786
19401850 3.644229 1.645381
11839756 2.088601 1.041437
17699126 3.598411 1.568090
18388253 3.821852 1.835448
16324832 2.895395 1.364559
10843215 1.887008 0.895378
11357988 1.983010 0.947845
17290967 3.119657 1.466061
17807261 3.294513 1.514713
14692034 2.574266 1.224833
11404141 2.006289 0.959882
18546910 3.392461 1.562212
16565082 3.010255 1.400619
15033706 2.656532 1.244024
19683726 3.572165 1.658673
15178767 2.660492 1.324201
19012002 3.364610 1.623575
17647283 3.171750 1.508890
15038214 2.652624 1.292876
15785602 2.793345 1.316095
11810685 2.075659 0.981863
10410155 1.809337 0.877121
11892216 2.095007 0.994233
