17359882 3.157602 1.461612
12599528 2.215552 1.036011
11027763 1.937754 0.885734
16535912 2.909499 1.378997
14956085 2.646422 1.206413
12639957 2.205256 1.133551
10546433 1.818762 0.863438
13517959 2.374101 1.128595
16038048 2.828367 1.383515
16399470 2.935679 1.367329
14265606 2.510358 1.186797
13625172 2.416874 1.165476
10951722 1.915504 0.955161
10203792 1.786777 0.875032
18568854 3.315059 1.631925
17438393 3.303758 1.422183
18382051 3.290646 1.525118
13130882 2.316603 1.074073
17486050 3.218194 1.474907
14638980 2.553422 1.189905
15086275 2.636805 1.250661
10168714 1.775457 0.838589
17781833 3.159878 1.483355
13198509 2.327487 1.119248
12442139 2.188716 1.058806
14618994 2.565866 1.201885
19908911 3.619571 1.639824
19956953 3.599256 1.668373
17260543 3.066917 1.440887
14842855 2.608708 1.187483
10629800 2.661961 1.093845
17680515 3.621462 1.856693
19295492 3.453093 1.579493
16254352 2.881848 1.366315
19308483 3.445574 1.618936
13188888 2.335634 1.087411
14578394 2.544536 1.213383
10648131 1.831050 0.865888
11926541 2.073518 1.130837
10344117 1.789787 0.885342
10040630 1.736083 0.820438
13173621 2.359312 1.103075
10866531 1.925553 0.886913
14044205 2.455464 1.127469
18464028 3.325152 1.507325
18071291 3.219926 1.513083
12467911 2.221191 1.016113
14485867 2.534978 1.172795
15877235 2.811074 1.309261
14233270 2.498321 1.152250
