19692325 3.901352 2.459695
12260762 2.318258 1.534793
14885563 2.826652 1.816280
12610978 2.384367 1.569962
18849680 3.580943 2.361532
11178048 2.151876 1.369261
11964688 2.283288 1.448442
18539114 3.630329 2.275077
13808181 2.628304 1.730253
10114634 1.918663 1.230592
11492657 2.209714 1.803863
18396519 3.612388 2.280399
10609516 1.983972 1.281516
18209688 3.549961 2.266926
13178121 2.503214 1.620159
14863694 2.873120 1.807006
10784647 2.009741 1.308464
15164207 2.930670 1.863653
16546723 3.134606 2.057591
15396645 2.952060 1.901954
10501994 1.953382 1.276060
16889578 3.246600 2.069633
17504598 3.449911 2.154472
18611158 3.625687 2.285860
15099464 2.931562 1.856268
11964390 2.272778 1.446829
15980890 3.063996 1.961229
15310348 2.919962 1.923118
11779868 2.287712 1.447343
19024056 3.657229 2.362333
19577066 3.825354 2.412856
12694774 2.485255 1.566599
17917320 3.514258 2.206284
18915275 3.634699 2.308224
19432432 3.836567 2.425256
14361472 2.775347 1.761001
12411567 2.331317 1.527145
18814676 3.611691 2.334310
11992233 2.274685 1.485126
15209492 2.911420 1.856059
12556951 2.377106 1.556145
19975641 3.895481 2.486045
13161523 2.513562 1.617741
11603752 2.214432 1.480685
12105950 2.302668 1.472213
14273417 2.686599 1.723789
11642403 2.165369 1.425737
13837880 2.635235 1.653888
18483369 3.557025 2.255906
10713775 1.997531 1.279529
