14867429 2.625980  1.379922
13878807 2.338891  1.335010
10778937 1.888599  1.101441
16863495 2.970467  1.774816
14663424 2.590828  1.359390
11996409 2.049414  1.090314
14426532 2.500582  1.355634
19244288 3.352142  1.862365
12701494 2.216805  1.228048
19328400 3.421407  1.984461
14946820 2.596344  1.399878
13809075 2.338489  1.303460
15750589 2.696546  1.468452
18537278 3.398989  2.300440
17549528 3.585025  1.724350
16423201 3.158489  1.700630
13647336 2.386999  1.323276
11907541 2.061754  1.944015
14404579 2.548762  1.409225
12440241 2.235216  1.177834
18168983 3.517482  2.175077
12192028 2.069902  1.385762
19663153 3.636161  1.973527
13302377 2.296967  1.323222
11450475 1.964883  1.130481
17193737 3.244735  2.245131
13981301 2.506611  1.353926
19125846 3.485540  1.803133
13043864 2.197295  1.474130
15688047 2.845385  1.398163
12930774 2.403562  1.171426
16528169 2.912373  1.509249
18528661 3.309811  1.857211
16634936 2.790440  1.764468
12761276 2.320484  1.207747
12688007 2.203395  1.253480
19279358 3.492419  1.868123
15798012 2.743969  1.582831
10941562 1.966317  1.048261
15379575 2.560148  1.500062
12464032 2.159347  1.210095
17792539 3.210223  1.915704
19803502 3.944447  2.445420
11503445 1.967556  1.055866
16979116 3.125945  1.905758
13002284 2.400367  1.241929
16075606 2.941172  1.454473
15685831 2.637087  1.453708
16836038 3.002168  1.712446
18278009 3.745699  2.239865
