18062470 3.360163  1.848022
15572934 2.757746  1.465091
16350934 3.157464  2.336625
19593750 3.722248  2.034560
18801969 3.896217  3.308957
13574399 2.441415  1.520739
17114177 3.273152  1.708564
14948874 3.070709  1.629589
17808610 4.498412  1.918759
15389323 2.946136  1.518869
12868264 2.260850  1.244148
18004434 3.251860  1.788495
17728777 3.468366  1.803949
13799101 2.716441  1.263229
10967185 1.866223  1.126588
16110456 2.815574  1.452851
17862720 3.186671  1.813742
12826897 2.207346  1.255949
15562730 2.624362  1.555496
16329608 2.797772  1.505178
17237182 3.185037  1.771261
12068005 1.989641  1.130487
18459942 3.385221  2.463040
12864840 2.374747  1.340309
10188393 1.985383  0.984035
17610082 3.478174  1.954903
12971041 2.225347  1.170274
10633092 2.156445  1.684950
14744917 3.145270  1.810554
17699221 3.222654  1.744332
16481991 2.959164  1.591141
11314039 1.936116  1.129859
15639622 2.769897  1.387331
18180778 3.384152  1.756144
13301560 2.274401  1.254200
11967728 2.063430  1.220036
11734282 2.057154  1.188248
19849553 4.023998  1.931833
15370548 2.653374  1.487732
11111286 1.922688  1.092462
18094743 3.155323  1.814030
10572304 1.866700  1.135655
18488686 3.250755  1.926941
14763679 2.611055  1.377209
18229278 3.340320  1.766103
12455347 2.100744  1.151104
10218934 1.762167  0.968991
18799281 3.371261  2.026918
16843375 3.054277  1.686172
18502394 3.503177  2.464308
