12433422 1.856879 1.786904
14177463 2.117586 2.113046
14809754 2.375644 2.199896
16660712 2.540655 2.364286
16799009 2.511842 2.378503
18751876 2.816330 2.732132
17221861 2.714526 2.504449
17867253 2.690945 2.589471
17096318 2.589212 2.519608
13822240 2.081466 1.963199
15491507 2.297479 2.297426
13500952 2.056053 1.932653
17532550 2.641343 2.724757
18686466 2.772778 2.855033
15264039 2.328665 2.336341
10452682 1.519879 1.493805
12993539 1.921478 1.923156
19712727 3.000696 2.901613
15480269 2.338780 2.323282
16851278 2.543444 2.497505
18505935 2.781471 2.759388
12797805 1.919340 1.921499
11586341 1.724304 1.602510
15727006 2.329657 2.303980
15746489 2.429996 2.250319
14539100 2.185278 2.222995
17698711 2.642246 2.594973
12747834 1.922843 1.996856
16653074 2.472402 2.368101
14261974 2.152485 2.112138
19329175 3.397078 2.939939
13335171 1.987970 2.015851
16928107 2.571657 2.469189
13761338 2.073206 1.992071
17922300 2.652837 2.637160
15276466 2.321375 2.336696
19658011 2.989000 2.820224
19825447 3.061259 2.824702
18651717 2.835506 2.696109
11350860 1.692528 1.611483
13986411 2.072889 2.083555
19557256 2.938878 2.887476
16711409 2.547759 2.499070
17448734 2.654628 2.528437
19806380 3.004873 2.856156
17727791 2.645826 2.525463
10657331 1.601764 1.620717
17375211 2.591219 2.479859
11722441 1.754119 1.755867
14292171 2.202106 2.068828
