19822500 2.968155 3.140019
17231251 2.637460 2.606941
15637084 2.338881 2.391839
15829022 2.364548 2.284318
15046280 2.270747 2.364711
12196681 1.863931 1.895148
16959349 2.551235 2.493691
19486058 2.950145 2.863612
13854943 2.075769 1.881683
18482090 2.822390 2.947854
18575774 2.807509 2.690836
19875257 3.038737 3.232408
12010612 1.788129 1.859463
16211692 2.423979 2.619202
12399375 1.870208 1.966306
12713339 1.873896 1.816738
16908260 2.539358 2.375743
15956489 2.373779 2.368561
19556000 2.940206 3.246374
14068746 2.135398 2.172673
19482529 2.943575 2.811777
14634354 2.191238 2.250707
15445874 2.352849 2.240930
10673323 1.582344 1.493470
18734067 2.812072 2.791418
19948308 3.049206 3.072570
17023461 2.544332 2.702210
15021422 2.263903 2.200075
11814961 1.760589 1.772536
18975204 2.884222 2.708161
17672209 2.683853 2.702336
12482877 1.853981 1.942067
10123111 1.491774 1.637606
15151733 2.286995 2.524205
17976317 2.701436 2.727918
17420470 2.618212 2.764255
12104126 1.810593 2.062999
14591343 2.192326 2.144745
15192785 2.264933 2.200322
16720494 2.521969 2.439701
15617396 2.357576 2.251180
13205132 1.943850 2.036109
12563270 1.844244 1.879560
16360195 2.497465 2.336392
19475311 2.993911 2.874456
14165558 2.093796 2.071626
13821008 2.100152 1.965432
12242963 1.845980 1.802471
16150097 2.425420 2.637927
11143190 1.652199 1.614524
