15831523 2.346627 2.244404
15759363 2.391852 2.423731
11787966 1.731241 1.712289
14107111 2.135821 2.153197
17021127 2.567835 2.457885
18332064 2.799013 2.946381
14661689 2.223619 2.587229
12494063 1.932305 1.877381
13131745 1.951838 2.016308
15228499 2.303365 2.263753
18607039 2.801324 2.701781
19414746 2.928374 2.795798
12241849 1.840219 1.908700
18312778 2.779672 2.803392
18368913 2.837288 2.863410
13802272 2.083538 2.038095
11277466 1.682950 1.702992
12526644 1.840974 1.833220
11229086 1.647343 1.657691
18720754 2.857369 2.879266
11105005 1.729871 1.563915
15317164 2.336297 2.237134
15541085 2.294946 2.409938
17581874 2.643245 2.510447
17440140 2.656223 2.483484
13930544 2.045956 2.159233
17637056 2.655618 2.680628
15967787 2.436979 2.508969
18034999 2.712569 2.857188
19076675 2.883409 2.862179
17760884 2.642697 2.756084
14098677 2.096420 2.102684
15401145 2.320971 2.201349
18184701 2.766172 2.812016
11306223 1.666271 1.757172
17706277 2.731490 2.607713
13718840 2.068785 1.963525
10570509 1.560448 1.523164
16630714 2.556701 2.431987
17957956 2.712865 2.608403
11686543 1.726887 1.658462
11831178 1.742576 1.686573
13167590 1.971794 1.892642
11869250 1.760856 1.714924
18694101 2.823301 3.255979
13354419 1.979316 1.908209
14738079 2.277041 2.500759
14002470 2.103309 1.970730
18955803 2.868104 3.218290
17059768 2.562198 2.442226
