15353037 2.149004 1.397125
18004023 2.493425 2.219753
10512371 1.423091 1.155056
14657374 2.025755 1.990844
18054621 2.515183 1.941115
11772554 1.605900 1.482425
12498302 1.679219 1.498861
18811316 2.631262 2.442150
13084001 1.768091 1.524741
13785062 1.954626 1.494722
17005300 2.356755 1.618217
19687134 2.768665 1.862327
13275072 1.789996 1.675160
15933032 2.194172 1.744048
15069230 2.065346 1.440012
15944388 2.228146 2.153282
18529605 2.555554 1.784522
19432956 2.694456 1.736465
17896110 2.495124 2.052690
17895783 2.488313 1.609443
18181311 2.486467 1.995844
15572182 2.146902 1.818163
15852959 2.177985 1.488488
14444021 2.000032 1.785586
10302645 1.423565 1.235107
15473146 2.115668 1.453269
11010982 1.494563 1.255091
17673667 2.475311 1.540439
18631653 2.662890 1.891179
11649407 1.606354 1.126513
10329799 1.421325 0.922406
16499316 2.254665 1.635596
12915817 1.766360 1.472147
15604055 2.148678 1.432060
10146922 1.374103 1.065678
16976795 2.370371 1.509195
16159750 2.228952 1.575535
15839562 2.250237 1.618104
10636999 1.465932 1.448507
10811967 1.480795 0.949887
13383282 1.848209 1.206361
10879820 1.468391 1.325229
12653297 1.724758 1.136740
17572059 2.460814 2.442759
19890770 2.775634 2.511101
16571332 2.264387 1.434884
10646967 1.445543 0.973361
17779339 2.488594 2.138345
16372392 2.250653 1.610782
10854116 1.467278 1.153042
