11619922 1.586053 0.918694
17856032 2.504688 2.462096
16372493 2.246740 2.084836
16395223 2.283369 1.879892
19344183 2.771143 1.900575
16503937 2.261982 1.439041
17539364 2.462116 1.692438
12287636 1.669822 1.183731
12399198 1.683371 1.467106
17284442 2.412908 1.663728
13985295 1.890097 1.546972
11550714 1.544235 1.214345
16998463 2.357263 1.831846
17272795 2.368760 1.753395
19704613 2.713427 2.454501
14133379 1.935659 1.553252
14501673 1.965085 1.668835
18298623 2.549636 1.779961
13737336 1.858144 1.312361
19399912 2.708330 2.127077
12650284 1.724394 1.873231
12492717 1.726789 1.102062
11276836 2.351727 1.391002
12222034 1.860774 1.286108
12350697 1.705518 1.250762
18476178 2.566831 1.883799
19142635 2.614693 2.148968
16477200 2.339601 2.290367
12667453 1.715056 1.009485
10099832 1.380026 1.372236
16620471 2.321612 1.559459
13280333 1.797886 1.490000
12222367 1.641643 1.522330
12410692 1.673575 1.484863
13634636 1.882113 1.222038
19925438 2.754493 1.969577
18109170 2.511703 1.479905
17587222 2.539116 1.651803
16350328 2.234128 2.085725
16201392 2.242790 2.028574
17465303 2.441603 1.667382
18778492 2.596793 2.372999
18821982 2.578850 2.246661
19168215 2.650278 1.673012
10454464 1.414976 0.984148
14708795 2.024729 1.384860
12212794 1.663785 1.299064
19583066 2.731458 1.744341
14017129 1.944727 1.403302
19349995 2.713728 2.414582
