12778691 1.889803 1.963776
11382494 1.683561 1.978121
18876622 2.840641 2.960341
12462160 1.877081 1.877484
12946605 1.993389 1.984475
17635772 2.678853 2.586214
17837623 2.781616 2.835992
13140414 1.998475 1.853050
15820457 2.333351 2.227815
12464119 1.862126 1.786256
13525511 2.043581 1.939055
17134211 2.571034 2.438278
19602769 2.973022 3.008843
16550050 2.469610 2.573097
17622772 2.661684 2.499693
11816261 1.715164 1.840628
18628287 2.806175 2.816052
15822965 2.401488 2.337201
13634691 2.023349 2.188128
10598477 1.554053 1.697681
10575771 1.556557 1.654420
13194515 1.984567 1.921533
14185008 2.112241 1.969332
17116708 2.577175 2.392690
10448174 1.563466 1.587373
19789385 2.982805 3.065443
10329978 1.551730 1.648316
12578546 1.865598 1.884865
12937948 1.910909 1.845679
12436545 1.852832 1.940937
18098766 2.715274 2.659521
16085775 2.467255 2.501426
12994113 1.928128 2.360308
19385041 2.913901 2.819775
10428131 1.526459 1.510179
10045475 1.472244 1.489122
19515562 2.932033 2.904782
17038117 2.631765 2.633339
18604071 2.816123 3.251038
19617773 2.977014 2.863669
16442729 2.473478 2.370436
14139904 2.165067 2.232811
13883802 2.063356 2.079896
10456054 1.547645 1.615425
12709136 1.909945 1.856542
13726553 2.037007 2.090761
12011833 1.782090 1.851097
18095583 3.106278 2.640582
15505044 2.326596 2.436940
17098808 2.624255 2.608258
