15149634 2.053277  2.040394
17469690 2.410111  2.154314
13178876 1.775978  1.778177
10297263 1.555604  0.927772
13300384 1.767300  1.331646
14864299 1.961537  1.798747
18411877 2.487015  2.427840
10420312 1.373850  0.972393
19504304 2.684887  2.622911
11476179 1.511611  1.029192
12987803 1.690799  1.335405
19416573 2.657835  1.846825
15222740 2.005300  1.649364
10150874 1.354782  0.905794
18869767 2.511697  2.103297
19837888 2.679959  1.908600
16833488 2.266534  1.468529
18937873 2.557105  1.583478
19261018 2.602424  1.888392
14642503 1.978382  1.840263
11948046 1.673208  1.107580
17977423 2.394409  2.397139
10673521 1.421610  1.084410
18185129 2.438841  2.253697
14945035 2.019143  1.221846
15613813 2.079301  1.619182
13017150 1.731910  1.475252
11781177 1.561216  1.268640
15518338 2.109631  1.381641
11651279 1.574191  1.547934
18395929 2.491883  2.126508
13086510 1.754119  1.581306
18172173 2.480645  2.337380
15168821 2.015106  1.333406
12091584 1.592200  1.231850
18818264 2.597796  2.488962
18352054 2.488738  1.735864
19023236 2.532699  2.133240
17726740 2.668132  1.776653
17318707 2.379548  1.806385
11427392 1.513072  1.124533
16185799 2.180297  1.735152
14316098 1.885022  1.687311
11832064 1.572887  1.212827
19416580 2.596862  2.301482
11154064 1.461993  1.231910
10842186 1.486593  1.392032
18150702 2.425435  1.630086
16340335 2.212078  2.074800
12916870 1.716708  1.693970
