13442768 1.797842  1.075224
10641170 1.435849  1.078635
15300824 2.060972  1.864400
13756410 1.819854  1.490661
13094610 1.742804  1.307064
15750212 2.094042  1.610038
19857062 2.721735  1.746400
10757519 1.417216  1.032456
11365216 1.515997  1.298050
14685415 1.913188  1.536595
18454211 2.480665  1.915759
14193554 1.936618  1.912019
14014262 1.881050  1.173259
13542091 1.804819  1.797317
16842942 2.253286  1.989005
12321257 1.671606  1.601848
18855294 2.541758  1.644832
17444783 2.326767  2.215453
12799388 1.715586  1.624301
15798144 2.089170  1.981820
19915061 2.728230  1.834994
11708885 1.520285  1.089418
11358089 1.481769  1.278169
14681960 1.950766  1.410758
17387361 2.355510  2.289993
16353317 2.212247  1.642049
17913444 2.370829  2.073383
11123604 1.481033  1.177607
19076632 2.553081  2.227262
18228914 2.477741  2.428324
15657019 2.094378  1.445765
11251309 1.502827  1.114026
15986972 2.136784  2.051227
15778124 2.127239  1.656537
19529612 2.615774  2.196849
16684414 2.266971  2.086741
14452917 1.914327  1.766741
12539024 1.673368  1.019939
13166048 1.769036  1.517983
14084713 1.871348  1.359042
17485652 2.363315  1.793501
18848067 2.536324  2.501057
18344285 2.452670  2.458740
17835374 2.401842  2.068502
16788569 2.303288  2.272065
13653410 1.842710  1.726901
13145737 1.735642  1.719538
12987716 1.712602  1.589660
10145590 1.338948  0.791832
12163300 1.625772  1.471503
