14013165 1.921696 1.280358
16475582 2.304812 1.230401
12488845 1.714069 1.123831
19586209 2.704846 2.203463
18997586 2.639569 1.291080
15286477 2.077551 1.811626
18302748 2.613765 1.916318
12533795 1.702878 1.502926
12239180 1.656933 1.057392
12780175 1.732024 1.525003
12110561 1.665854 1.050000
13537172 1.967899 1.306712
16880743 2.328898 1.573079
16834507 2.329999 1.755393
17322672 2.414937 2.282701
11421876 1.667182 1.523808
19573079 2.693535 2.098774
11655444 1.591266 1.341757
17183435 2.340035 2.175688
16918143 2.457840 1.472253
12688403 1.742290 1.741366
14711352 2.044262 1.294006
19336248 2.679933 1.763917
10150041 1.383657 1.275495
12910846 1.781445 1.662670
15277887 2.082350 1.843380
18150701 2.550237 2.336867
11609649 1.573656 1.204150
15094325 2.076326 1.513357
18615451 2.574734 1.832963
10630060 1.423456 1.245284
15992931 2.197090 1.767283
11269852 1.548907 1.369655
16248149 2.282200 1.700062
16196024 2.241854 1.582668
18655921 2.607618 1.580675
18809322 2.606074 1.946151
18055756 2.472140 2.168666
17507704 2.468418 1.561106
19605411 2.737324 2.059293
13928165 1.889624 1.616322
19163518 2.692551 2.194541
18478141 2.570308 2.002312
19214269 2.660026 2.520401
11910965 1.648962 1.217876
16835646 2.294951 1.917926
12174233 1.664420 1.351291
12853706 1.768202 0.898921
16490753 2.275174 1.440258
10656175 1.429711 1.142394
