17387789 2.343479  2.104378
19315317 2.583335  1.819115
18386186 2.450450  1.789951
16119177 2.177903  2.058466
12458319 1.678744  1.247258
17899568 2.378793  1.880347
18475209 2.449607  2.172922
12253697 1.611669  1.429726
16452805 2.200348  1.669531
10608355 1.386814  1.145222
18575586 2.536330  2.506513
14507349 1.934090  1.672001
15234124 2.048609  1.494490
12136198 1.628891  1.207884
15703266 2.103771  1.527913
13584619 1.822686  1.611354
10411934 1.402824  1.379732
19585079 2.618929  2.335200
14299586 1.907892  1.656622
16400765 2.231445  2.156472
13718457 1.847333  1.433009
13246030 1.742705  1.237732
12949173 1.732002  1.200495
19202705 2.584473  2.475706
13669196 1.848123  1.401235
13561488 1.819717  1.266238
19296736 2.633409  2.554751
17802826 2.357059  1.927670
12433056 1.657315  1.085360
14239503 1.921919  1.798225
14186261 1.859603  1.573518
18058900 2.490041  1.831077
14631264 1.943068  1.823477
13098399 1.763340  1.684522
10395220 1.471062  1.000014
15097451 2.008420  1.732523
18191996 2.475065  1.731384
15562923 2.053029  1.888138
11720091 1.535223  1.540046
19892877 2.714424  2.453952
17433576 2.389285  1.747350
14062091 1.893432  1.887492
11629643 1.523837  1.388101
12681753 1.689957  1.544249
11309655 1.515325  1.512982
14241252 1.883686  1.488003
13053124 1.734582  1.101807
16059448 2.242123  1.740122
16680433 2.238476  1.581242
18748845 2.547309  2.510629
