12066453 1.602071  1.307314
11295603 1.578967  1.326700
16857030 2.245356  1.995200
11974092 1.590453  1.325928
17616070 2.371717  1.787153
15042152 1.979626  1.736083
13972296 1.875364  1.704773
17281708 2.503330  1.480434
18821359 2.523940  1.825308
12995737 1.734843  1.437641
15775013 2.159735  2.146455
18158443 2.470044  1.755237
13815186 1.858423  0.973452
13339318 1.783898  1.767705
18844443 2.561027  2.307392
13008569 1.710063  1.488556
16076594 2.175627  1.897288
11024550 1.453367  1.177093
19245418 2.644699  2.640835
14750890 1.947874  1.847868
12819817 1.729345  1.136041
17768110 2.419383  1.594111
19245874 2.592968  1.951488
13488139 1.832019  1.714910
10173783 1.338287  1.284592
19385647 2.675803  2.637953
18167597 2.457156  1.980441
15204725 2.018384  1.851805
13586620 1.800120  1.150007
17406611 2.423786  1.993538
16755822 2.243038  2.035125
15090709 2.034405  1.368490
19766285 2.713897  2.686476
11332444 1.477107  0.995682
19646371 2.805960  1.718408
18764951 2.552872  2.376333
10093235 1.334382  1.289615
13500626 1.807738  1.348080
14057316 1.858270  1.635272
17899370 2.437910  1.829604
13435408 1.792045  1.769011
11858941 1.561650  1.029573
17212795 2.429899  1.577469
14788646 1.949012  1.272366
13273102 1.750174  1.529838
15697189 2.092168  1.670470
12798544 1.687611  1.695913
18395357 2.506395  2.030032
12812154 1.689520  1.471061
19991286 2.759718  2.736905
