12375199 1.682580 1.234055
11302007 1.583759 0.946901
15332862 2.102485 1.970404
10029932 1.350374 0.925553
19363721 2.723163 2.517021
14315915 1.970642 1.447151
17095705 2.449995 1.922720
15533117 2.146985 1.714179
16828827 2.310739 2.076493
11985767 1.621634 0.915752
10532722 1.430740 0.924234
15826430 2.202573 1.820577
16705239 2.281360 1.388063
14314661 1.983208 1.181216
16054914 2.215257 1.619356
16178839 2.239157 2.013230
10481206 1.418671 0.972595
16604685 2.380272 1.429767
13323344 1.800772 1.426385
14981123 2.076700 1.774677
10457330 1.446104 0.980507
18945336 2.630394 1.596345
17803810 2.451531 1.582013
11718443 1.591389 1.341099
13691594 1.901910 1.842029
11274115 1.564098 1.250505
12653631 1.713561 1.384789
19007424 2.659566 1.786172
18705454 2.590708 2.475399
12166729 1.679837 0.929689
18927698 2.622232 2.450710
19206354 2.648283 2.531100
16900479 2.318875 1.257200
17147215 2.372693 2.145289
14664756 1.987716 1.752993
12109068 1.621877 1.489399
15702893 2.181084 1.111395
17890695 2.464531 2.220710
15387289 2.125974 1.808021
15334869 2.120116 1.233521
19441960 2.682835 2.435233
10597435 1.435484 0.778089
14929883 2.053354 1.804568
12615873 1.751149 1.620966
18200873 2.499840 2.081370
14711398 2.058416 1.336735
19310907 2.686131 2.045312
16943440 2.325520 1.951691
10430173 1.421507 1.067912
18065953 2.496521 2.284443
