18493091 2.431219 2.633567
10594172 1.360811 10.098777
16095391 2.484062 3.939124
15916153 2.095258 5.136091
17733219 2.462260 17.180501
12467770 1.658015 4.568861
15752951 2.086884 11.386507
15277601 2.002866 2.509704
19256807 2.873854 4.426339
14020755 1.822753 2.013779
11990686 1.570195 11.868561
14989535 1.954505 2.460022
19937698 2.767197 3.239671
12454139 1.623091 3.092589
15855126 2.044151 2.653661
12612852 1.679412 3.196895
13019108 1.721786 8.390608
13432992 1.814149 1.985517
17158337 2.269170 4.486163
13747709 1.792448 3.318575
18163734 2.383195 8.660347
15910253 2.201416 5.798452
16865321 2.185340 14.586742
16523550 2.155334 11.870511
12567531 1.616319 6.799114
12921062 1.731694 11.706458
11742843 1.512824 12.645439
18294421 2.405375 8.430759
15581994 2.034986 2.177004
16732295 2.173841 3.454188
19629555 2.554299 2.747324
16653647 2.184177 2.703673
10546119 1.352588 3.980282
18726856 2.444378 4.482213
13710042 1.766921 1.810319
17036015 2.214846 6.688694
15186685 1.988883 10.419795
11103203 1.449531 7.192247
15364345 2.014552 18.629530
18671866 2.469845 5.095526
16102122 2.095375 9.607852
19858529 2.654029 17.869211
13475133 1.728028 4.083432
14752734 1.881287 2.956609
11215427 1.429522 1.906205
12027129 1.551426 2.031513
14553065 1.905787 3.306696
14274099 1.863952 12.084928
14144542 1.830459 8.791237
14194609 1.819193 2.153876
15293523 1.966566 2.497968
12627613 1.671319 3.353981
11520981 1.476573 2.457779
19702195 2.590810 12.817796
16139056 2.089612 8.019710
11360410 1.462186 1.912096
19054960 2.494537 18.116892
12379236 1.593904 2.133255
14986103 1.975435 2.301482
18802068 3.229473 2.915450
14316946 1.869676 3.803034
19208214 2.572893 5.961525
13479789 1.767296 2.481619
10946325 1.388206 3.316247
13573204 1.863478 7.212088
19233243 2.645283 7.166426
19979871 2.635004 6.437036
10558160 1.427758 2.975124
18872534 2.634667 4.615590
13576023 2.282256 1.928767
19762125 2.627505 19.164512
10404387 1.340166 1.419123
11410384 1.465790 3.402566
10332598 1.311447 1.509375
11413637 1.462443 2.931778
16890802 2.220330 4.080027
10349855 1.313216 1.398686
15219063 1.972606 2.995844
15369010 2.008831 6.892674
13342838 1.751721 14.172731
15570843 2.061051 5.907709
12393835 1.590924 2.357165
14642810 1.897503 2.099326
19245336 2.508461 4.560240
15720991 2.075071 5.823511
13839918 1.805881 9.722580
12181381 1.635658 5.645583
11106320 1.430671 2.120005
11739408 1.501218 1.537811
19776705 2.622366 10.483494
14039613 1.834772 11.196358
18126553 2.365254 7.744191
19751917 2.603471 10.424971
10362532 1.333467 2.003449
16041984 2.106437 6.189669
16807172 2.527501 8.098254
16041942 2.081687 2.310831
11471214 1.484202 4.687026
12999730 1.673121 1.780508
13374580 1.737101 2.055467
