1846124 0.220091 0.645980
1012632 0.116026 0.079595
1027286 0.120187 0.254889
1712760 0.205721 0.158939
1437239 0.169520 0.166058
1548331 0.180840 0.133639
1478335 0.172750 0.094389
1482748 0.171182 0.111836
1963244 0.234342 0.188344
1486653 0.175609 0.168570
1784357 0.210063 0.267646
1470378 0.177807 0.111690
1310485 0.152407 0.113990
1360825 0.157979 0.109792
1075460 0.122053 0.109649
1812920 0.217919 0.148224
1916460 0.228428 0.921605
1952860 0.230622 0.178529
1562845 0.183695 0.117654
1474738 0.171872 0.123850
1341491 0.162534 0.260305
1351037 0.159026 0.126462
1897409 0.229688 0.214121
1397071 0.164427 0.239553
1556018 0.186660 0.154540
1096572 0.127684 0.081098
1748838 0.210641 0.129857
1223161 0.140938 0.103041
1441510 0.169743 0.164590
1632991 0.190861 0.328243
1923030 0.230550 0.146512
1869596 0.223264 0.174485
1308954 0.152683 0.133211
1516449 0.182935 0.172242
1366555 0.167767 0.092016
1159301 0.132923 0.093842
1574165 0.189593 0.146023
1110760 0.130424 0.107554
1060642 0.122518 0.100083
1882256 0.225421 0.201978
1984016 0.237841 0.153241
1753193 0.205105 0.135263
1238882 0.146154 0.080900
1198167 0.145093 0.267581
1501865 0.178632 0.186520
1967812 0.230110 0.163193
1957994 0.232068 0.142733
1278374 0.148780 0.833458
1354426 0.157760 0.101620
1385994 0.163968 0.115822
1013053 0.116998 0.075927
1050798 0.119900 0.120883
1753800 0.233065 0.191313
1797957 0.213446 0.169299
1090160 0.126238 0.088061
1830955 0.218383 0.142170
1487581 0.176164 0.128557
1032907 0.120419 0.099626
1555161 0.184576 0.132515
1465050 0.171369 0.148685
1832363 0.215194 0.172918
1122560 0.131016 0.100750
1541368 0.181820 0.124708
1959014 0.233065 0.163857
1907108 0.225098 0.155668
1534864 0.179101 0.108878
1038774 0.123101 0.072751
1655099 0.208993 0.160043
1471961 0.174884 0.108880
1546603 0.180940 0.117199
1109440 0.130179 0.119212
1070416 0.122670 0.092857
1034313 0.119470 0.070151
1495559 0.183504 0.169182
1439106 0.173880 0.201879
1681117 0.198400 0.177058
1111270 0.128449 0.072738
1797238 0.213773 0.135656
1421934 0.165609 0.112449
1424977 0.166901 0.140742
1612914 0.188686 0.153371
1994981 0.245019 0.381159
1922066 0.230357 0.235778
1343773 0.157503 0.089524
1811481 0.213567 0.120017
1539047 0.179518 0.128385
1586313 0.186225 0.106840
1059110 0.123880 0.144736
1238009 0.153723 0.108667
1868959 0.227186 0.164663
1578047 0.203348 0.133286
1701123 0.206441 0.265403
1239245 0.149234 0.085658
1298142 0.161744 0.106224
1049905 0.126199 0.093069
1960548 0.240026 0.203845
1500953 0.178970 0.132541
1958283 0.251376 0.249081
1063836 0.125254 0.090553
1117707 0.130103 0.079130
