19953060 2.606181 12.567012
15669567 2.042863 12.896884
12565644 1.603801 6.612028
15381000 2.027105 4.558110
18502674 2.425655 4.483992
13998412 1.789910 4.686385
14656146 1.911763 3.938040
11345696 1.447306 1.350581
17085187 2.250650 11.735366
14605165 1.880833 6.476784
10550844 1.351900 3.754021
19197367 2.498193 10.553102
19504524 2.529136 28.231283
13090924 1.712823 30.492812
17844670 2.344366 4.367879
17104628 2.233817 7.214732
19189559 2.577117 3.303783
11853157 1.524247 1.502161
15804131 2.053644 20.364560
12142515 1.628995 22.939113
12947597 1.690426 2.075050
15862975 2.077522 11.245223
14440985 1.870200 10.145040
11308939 1.464859 1.788101
19959914 2.651758 11.314953
13912280 1.787511 28.897765
12098115 1.561767 2.863983
15393944 2.095765 3.601266
17639345 2.308944 3.364729
13998849 1.856287 26.093416
16206277 2.116058 6.044380
10062592 1.279196 12.418275
11603813 1.470690 1.294181
15208519 2.050557 2.036873
17909581 2.348225 16.085094
15331550 1.982873 13.526808
14992831 1.977936 3.119166
18283243 2.393573 9.665929
15490531 2.042208 2.807901
10835509 1.454148 1.426920
13548758 1.757419 5.567019
13488584 1.787566 4.061400
17198931 2.233972 2.451148
14592620 1.958742 1.813798
15514631 2.006535 8.645533
14968014 1.948413 1.578922
10567531 1.364803 1.799910
15889513 2.074873 20.550559
14825977 1.932295 5.730249
10620249 1.347211 3.743990
13360247 1.717676 1.828917
10188764 1.315865 1.057747
10927592 1.402788 2.061538
10055107 1.282150 1.885078
13498275 1.828517 60.532983
19506315 2.552585 3.007292
12453322 1.608413 1.217630
10968859 1.400498 1.384758
11605826 1.511234 7.940261
18485404 2.411668 2.983645
10119563 1.299770 1.567639
19957421 2.611570 2.441997
19091049 2.513171 17.673025
14730106 1.909816 3.595368
15585692 1.999951 1.876413
16378009 2.143990 1.773880
11568764 1.481534 6.081410
15831293 2.078521 6.449758
13729567 1.769076 1.720275
16047501 2.112996 4.723828
15149998 2.013039 5.843024
13546556 1.751717 2.937281
12364263 1.644608 9.461509
12418137 1.631330 7.457316
15876578 2.054325 3.765543
11847200 1.526778 0.998556
14182068 1.841434 13.968864
18830366 2.533243 11.685583
14963855 1.954383 7.203005
18442629 2.431700 8.618200
16158950 2.129221 3.236512
19884031 2.696858 10.064155
16885393 2.258569 1.719319
18014625 2.346060 11.086868
12165741 1.592867 2.951275
12030118 1.552596 4.183049
16449748 2.163972 3.487036
14230749 1.838598 21.064004
17766720 2.351911 5.699461
19789443 2.603254 18.699337
19343123 2.549660 9.638473
16361107 2.170369 19.110237
16476499 2.158247 3.253722
10547750 1.351439 9.846991
19289860 2.583564 24.884976
12351679 1.602640 5.154195
10015344 1.284794 1.734981
19059935 2.461951 2.550251
11378171 1.462233 2.828300
13307387 1.704499 2.802764
