1422056 0.170584 0.082311
1564977 0.191864 0.178326
1118336 0.129869 0.130466
1581559 0.199424 0.108069
1337862 0.161593 0.097725
1022772 0.119331 0.141435
1805740 0.225791 0.117588
1071502 0.126489 0.065422
1639356 0.191181 0.126860
1226354 0.145216 0.087292
1081529 0.127314 0.128583
1812132 0.211782 0.131046
1596338 0.193381 0.100766
1762001 0.224304 0.173792
1037216 0.131248 0.073397
1113546 0.155627 0.067812
1819503 0.217444 0.215869
1756273 0.213379 0.178379
1346673 0.155650 0.087264
1092729 0.126347 0.079744
1750188 0.207201 0.164260
1164079 0.138156 0.088808
1258252 0.144894 1.107332
1348549 0.159914 0.152667
1061943 0.125992 0.145458
1202264 0.145515 0.093150
1215039 0.147833 0.096942
1026424 0.117148 0.090564
1421698 0.175005 0.103199
1186304 0.139687 0.074870
1724607 0.252413 0.275142
1819388 0.216751 0.291013
1149398 0.137467 0.077532
1579162 0.184947 0.115360
1037198 0.123685 0.182129
1993899 0.252326 0.129061
1722412 0.219353 0.130620
1876288 0.234017 0.132872
1469092 0.178064 0.094938
1545100 0.182397 0.327932
1044579 0.120301 0.103605
1564449 0.184672 0.095280
1732875 0.204228 0.123017
1004674 0.120691 0.075099
1388763 0.165409 0.095937
1209028 0.140719 0.067051
1363778 0.159055 0.085636
1453185 0.174637 0.096483
1385997 0.164831 0.097113
1700296 0.208857 0.242420
1836444 0.215882 2.329294
1629794 0.196683 0.102659
1450212 0.172297 0.112394
1412708 0.166733 0.163608
1630649 0.199879 0.113726
1309493 0.158076 0.098786
1646623 0.198173 0.101253
1898371 0.226325 0.126600
1680116 0.200066 0.147887
1987957 0.243391 0.163995
1414172 0.167043 0.669565
1658179 0.197621 0.104419
1639825 0.196095 0.109959
1279496 0.158189 0.481524
1502022 0.177521 0.099742
1471288 0.172200 0.111938
1871855 0.224679 0.262600
1338816 0.164477 0.092600
1879783 0.223768 0.134089
1499862 0.181758 0.389292
1795874 0.216976 0.622541
1465182 0.174065 0.558444
1630171 0.203522 0.116164
1666582 0.199792 0.269850
1061782 0.124037 0.065035
1624812 0.197235 0.830803
1591414 0.188247 0.091819
1114817 0.133179 0.084815
1411346 0.167229 0.143062
1668153 0.199154 0.116449
1750779 0.212465 0.471447
1558751 0.182301 0.435161
1368796 0.159539 0.258953
1982478 0.239808 0.119071
1397164 0.165101 0.100230
1354679 0.162019 0.086339
1124569 0.130818 0.089653
1308903 0.155948 0.164499
1996220 0.239219 0.143849
1812813 0.213664 0.122899
1220537 0.146069 0.102374
1954734 0.235139 0.128967
1797848 0.221166 0.117960
1840799 0.218299 0.111151
1624151 0.193559 0.114434
1947826 0.237987 0.230693
1370695 0.167248 0.257974
1655788 0.198332 0.122755
1210411 0.144056 0.114241
1400296 0.166126 0.146644
