1262571 0.147808 0.102261
1245078 0.148321 0.073240
1390850 0.163979 0.110820
1223561 0.143140 0.130439
1177018 0.135883 0.077182
1461656 0.176504 0.089235
1614291 0.194026 0.161304
1734620 0.201503 0.109673
1351510 0.158516 0.075361
1149408 0.137306 0.079986
1288466 0.153601 0.078514
1702463 0.200556 0.093427
1929737 0.229010 0.672584
1236863 0.141849 0.091876
1846765 0.219109 0.362714
1731638 0.204073 0.121638
1811811 0.212312 0.111588
1280849 0.149660 0.079548
1206819 0.145222 0.092284
1477785 0.175373 0.087378
1565931 0.187932 0.126901
1761042 0.208950 0.109099
1835428 0.213591 0.107838
1181107 0.136363 0.084867
1508619 0.182808 0.104262
1103517 0.130463 0.065128
1016540 0.119178 0.061608
1198970 0.140224 0.069061
1351020 0.159042 0.082945
1500095 0.228495 0.218537
1438304 0.167874 0.119785
1220048 0.140290 0.113497
1286868 0.155728 0.099471
1498451 0.177161 0.100497
1612244 0.192205 0.161819
1662234 0.199055 0.101518
1012589 0.121125 0.055895
1474576 0.200937 0.655469
1043638 0.119767 0.058828
1644357 0.194677 0.097070
1861294 0.222834 0.110832
1847202 0.222840 0.413723
1964711 0.235258 0.117703
1364368 0.159873 0.142788
1096553 0.125872 0.062748
1228943 0.146766 0.069978
1773424 0.214061 0.111761
1261815 0.147961 0.089304
1780783 0.213593 0.164468
1135645 0.131932 0.067722
1497115 0.179734 0.103090
1055328 0.125141 0.067039
1231017 0.147528 0.139315
1758813 0.213931 0.127602
1984797 0.237209 0.122580
1614936 0.195074 0.186685
1122089 0.131551 0.079623
1204504 0.146911 0.071580
1085493 0.126146 0.071601
1597280 0.186639 0.129791
1416049 0.183310 0.082010
1686338 0.203534 0.203737
1089082 0.126702 0.070728
1353104 0.158240 0.093697
1830494 0.215377 0.134771
1758521 0.207807 0.118674
1611237 0.188880 0.182956
1048856 0.120156 0.060163
1048856 0.120605 0.063487
1969111 0.242093 0.161281
1734593 0.205755 0.918101
1402429 0.164774 0.089976
1193398 0.138437 0.075841
1930851 0.229301 0.134441
1367418 0.164887 0.100693
1900452 0.230033 0.182354
1826691 0.215847 0.127823
1445833 0.167361 0.129917
1286237 0.149585 0.082422
1145506 0.134331 0.104902
1896306 0.224234 0.147075
1926972 0.229744 0.141704
1298245 0.149251 0.079637
1158301 0.135082 0.066983
1815853 0.217032 0.116940
1475079 0.181781 0.099554
1331103 0.159665 0.419637
1162118 0.137310 0.100897
1390660 0.194073 0.530603
1552440 0.184547 0.126021
1909724 0.380719 0.273764
1465170 0.297413 0.121090
1962263 0.263855 0.656631
1511942 0.216199 0.162810
1553289 0.188328 0.100412
1624246 0.194891 0.109084
1873316 0.230416 0.121603
1043737 0.120617 0.092532
1686299 0.203032 1.454456
1224258 0.147217 0.094699
