1877159 0.454589 0.207668
1514893 0.356848 0.177203
1155528 0.273254 0.125524
1204791 0.276463 0.129128
1757810 0.420400 0.192103
1682931 0.397182 0.192168
1696935 0.405050 0.186422
1422935 0.339093 0.162126
1328781 0.304563 0.139021
1356197 0.313644 0.150059
1618598 0.380160 0.183366
1816916 0.439162 0.204341
1699263 0.407047 0.200297
1886521 0.449224 0.217298
1848028 0.432975 0.202311
1160449 0.268411 0.127447
1922568 0.453590 0.223912
1730022 0.411258 0.191838
1015606 0.235821 0.115102
1045095 0.247607 0.107576
1331130 0.304605 0.145970
1658997 0.398339 0.183420
1393058 0.324572 0.154871
1421116 0.332226 0.154936
1656535 0.386720 0.179735
1668674 0.397794 0.183012
1456105 0.337647 0.155378
1871578 0.445099 0.211744
1249117 0.300003 0.134448
1750120 0.417678 0.209231
1157424 0.266808 0.121056
1610246 0.378529 0.170802
1562139 0.365460 0.173389
1667416 0.392909 0.188142
1482349 0.341486 0.158402
1747413 0.410988 0.188737
1929482 0.460408 0.217706
1178599 0.273035 0.130784
1147360 0.263963 0.127029
1325217 0.312641 0.142545
1621427 0.377403 0.176641
1773534 0.417152 0.193186
1696172 0.407072 0.183282
1082074 0.248195 0.119002
1531661 0.360499 0.166915
1554862 0.357090 0.170891
1424796 0.328545 0.155384
1530916 0.356860 0.169788
1892789 0.462199 0.211138
1495112 0.350113 0.168858
1802307 0.420930 0.212588
1896367 0.443450 0.220084
1645060 0.393993 0.183032
1153274 0.262766 0.140635
1145922 0.273156 0.132833
1265747 0.294447 0.157631
1009739 0.228328 0.108120
1654412 0.385836 0.196398
1619423 0.385678 0.180279
1998073 0.483626 0.218052
1421802 0.348815 0.153649
1912331 0.447819 0.209489
1049328 0.241235 0.107587
1885411 0.448822 0.209650
1236074 0.295642 0.134434
1609593 0.378246 0.188163
1689696 0.397543 0.183012
1339349 0.309406 0.145009
1497287 0.346830 0.167633
1272777 0.292506 0.145923
1699382 0.402880 0.185741
1559552 0.381139 0.164672
1524709 0.353055 0.159562
1305862 0.304435 0.137002
1922362 0.465150 0.241195
1844017 0.439713 0.200228
1395823 0.327962 0.150197
1493303 0.345863 0.160183
1531968 0.349089 0.170834
1929271 0.470701 0.221855
1259655 0.292030 0.140156
1104843 0.258189 0.124832
1121979 0.260755 0.125559
1927385 0.453024 0.224078
1351142 0.317078 0.147340
1878489 0.446253 0.207950
1413753 0.328156 0.164863
1364728 0.349294 0.144904
1280173 0.294617 0.133133
1139333 0.270612 0.120658
1477891 0.348828 0.168230
1834748 0.429870 0.201729
1405319 0.329032 0.158417
1885321 0.448742 0.197803
1231792 0.284554 0.132892
1042346 0.240677 0.109733
1757835 0.418269 0.199175
1139907 0.263063 0.121780
1893624 0.474892 0.201837
1459994 0.348122 0.157918
1072455 0.244041 0.114400
1813426 0.438408 0.205233
1120730 0.257247 0.118750
1515043 0.357344 0.177314
1705566 0.403815 0.188535
1596680 0.378419 0.170066
1053728 0.239684 0.119013
1648252 0.396636 0.187324
1967736 0.466639 0.210973
1607085 0.378459 0.171063
1915807 0.453997 0.223122
1751625 0.426743 0.190877
1259011 0.293384 0.141902
1115793 0.256932 0.124675
1319055 0.314218 0.148129
1635149 0.383790 0.181412
1359795 0.312722 0.148559
1427747 0.332728 0.160011
1057241 0.240992 0.114569
1051263 0.248619 0.114326
1202597 0.282246 0.126926
1009893 0.228628 0.104078
1641541 0.384652 0.178078
1189964 0.274328 0.128037
1190962 0.278619 0.129297
1675470 0.401386 0.188460
1599286 0.365612 0.204922
1648060 0.522004 0.211878
1891845 0.553324 0.292027
1133253 0.263008 0.132500
1686467 0.503792 0.215725
1995826 0.469623 0.235384
1871575 0.443325 0.214374
1003132 0.227950 0.113980
1131187 0.262929 0.128242
1838855 0.435840 0.215528
1598884 0.374241 0.170067
1526055 0.352382 0.164632
1123947 0.258780 0.123125
1148187 0.265883 0.129208
1091615 0.256859 0.124870
1363008 0.325603 0.146038
1379857 0.324161 0.149303
1237507 0.284203 0.133594
1877228 0.448957 0.222904
1492821 0.356153 0.161118
1982168 0.473190 0.226335
1879171 0.447022 0.206447
1203406 0.281094 0.131692
1437454 0.336185 0.171038
1205004 0.284356 0.131158
1395224 0.323727 0.161935
1602567 0.378794 0.185523
1949400 0.456615 0.223290
1499028 0.346102 0.162881
1996467 0.475075 0.230939
1367314 0.323846 0.144519
1300024 0.298645 0.161692
1483665 0.342071 0.157995
1758893 0.413065 0.190347
1301920 0.300069 0.138088
1545070 0.362369 0.166947
1034264 0.233696 0.116862
1178446 0.333320 0.131372
1853911 0.430709 0.206428
1342594 0.317200 0.149935
1049423 0.240191 0.118164
1391152 0.323254 0.160363
1946586 0.473714 0.209526
1532303 0.359129 0.164853
1361955 0.312023 0.150110
1567547 0.377035 0.174107
1998148 0.487293 0.226115
1108703 0.257058 0.116916
1185513 0.296082 0.147557
1972107 0.459938 0.218266
1826368 0.431650 0.211097
1249996 0.289242 0.148106
1748782 0.415463 0.188758
1290520 0.325337 0.137581
1535777 0.356641 0.162101
1064864 0.242068 0.119831
1135314 0.260972 0.140275
1756133 0.429482 0.201226
1170394 0.270108 0.137499
1087262 0.262344 0.115398
1776253 0.418732 0.201795
1618152 0.381452 0.172673
1845187 0.449771 0.205480
1681914 0.399453 0.189892
1214397 0.284753 0.133909
1046982 0.287322 0.127736
1316356 0.376777 0.147413
1535139 0.358189 0.179894
1403391 0.330682 0.158190
1242462 0.288164 0.140429
1881282 0.443702 0.201604
1888115 0.444732 0.217559
1489384 0.349129 0.160956
1715980 0.409980 0.196050
1418805 0.342518 0.153462
1249087 0.285873 0.130662
1148996 0.263877 0.129752
1272907 0.296000 0.137144
1651972 0.396418 0.181304
1590224 0.381080 0.178054
1399775 0.326562 0.161057
1766695 0.414799 0.205089
1112542 0.257441 0.130304
1020552 0.233440 0.114691
1675058 0.397932 0.180651
1231497 0.285578 0.143869
1675701 0.405697 0.179565
1466454 0.347084 0.159117
1876151 0.445368 0.208496
1752311 0.421262 0.206419
1906129 0.451936 0.220364
1842744 0.429283 0.195125
1353570 0.310125 0.157159
1606635 0.374254 0.177884
1205743 0.283143 0.137536
1540700 0.357568 0.166032
1738449 0.444331 0.193622
1990086 0.468654 0.228002
1561954 0.362659 0.181124
1811364 0.430591 0.195669
1565229 0.366310 0.174275
1384428 0.321125 0.161073
1047600 0.236997 0.113148
1393529 0.325259 0.157712
1230073 0.288343 0.136806
1717464 0.421642 0.184333
1968640 0.470513 0.215049
1703269 0.399508 0.186346
1686724 0.394930 0.183907
1314558 0.306089 0.143304
1126499 0.259988 0.123161
1184333 0.272909 0.130207
1046952 0.235523 0.110453
1601884 0.377291 0.178933
1137487 0.260263 0.121732
1870963 0.451046 0.217817
1860041 0.445398 0.210920
1996472 0.487709 0.217251
1883064 0.448938 0.200070
1774957 0.424033 0.196292
1548756 0.358736 0.165904
1307497 0.301676 0.151708
1330770 0.311919 0.152825
1784591 0.416452 0.196846
