1595430 0.364179 0.182275
1448441 0.339116 0.153472
1756976 0.417624 0.187735
1741453 0.392449 0.192160
1691680 0.377079 0.182450
1393953 0.321555 0.156962
1757790 0.419542 0.193065
1195516 0.275652 0.139010
1559183 0.343773 0.160242
1911259 0.447312 0.206605
1098139 0.243080 0.114891
1641092 0.380759 0.186535
1301473 0.298397 0.135010
1963135 0.467214 0.215675
1004045 0.220412 0.110953
1719713 0.386431 0.239144
1399942 0.323983 0.150604
1013758 0.232303 0.106901
1883513 0.451472 0.205692
1123716 0.257014 0.118766
1428901 0.313389 0.150634
1705974 0.416947 0.176127
1542456 0.370446 0.164905
1075438 0.256075 0.109961
1033364 0.238789 0.111761
1202544 0.281000 0.124931
1806171 0.439504 0.188040
1132864 0.248208 0.117998
1659919 0.390099 0.180291
1024490 0.240585 0.108613
1423860 0.332582 0.147573
1655057 0.392126 0.179148
1369843 0.302509 0.144209
1561507 0.347442 0.175829
1472252 0.344952 0.156949
1488335 0.345318 0.167606
1314118 0.300465 0.138360
1385233 0.302947 0.145508
1085410 0.236835 0.112073
1790767 0.430321 0.184569
1223699 0.281838 0.132689
1650344 0.389909 0.177925
1251846 0.289730 0.135546
1474918 0.337762 0.158466
1929436 0.436318 0.203368
1265686 0.288550 0.139323
1435447 0.330495 0.154085
1401271 0.333085 0.146079
1315109 0.297529 0.145786
1420289 0.312217 0.154283
1715626 0.384833 0.180794
1169522 0.257874 0.122845
1128452 0.258013 0.144639
1376186 0.318639 0.143776
1971475 0.467517 0.206906
1774895 0.404685 0.185628
1155358 0.274044 0.126916
1123161 0.269286 0.116855
1663578 0.391802 0.196425
1521521 0.353911 0.158055
1820262 0.411197 0.188883
1704026 0.383285 0.184157
1456736 0.328658 0.156043
1764545 0.415568 0.189718
1230810 0.281326 0.128955
1407015 0.323919 0.142942
1664269 0.375062 0.170573
1001318 0.217763 0.103050
1653046 0.386832 0.194407
1938906 0.461762 0.221768
1403474 0.327862 0.157181
1705161 0.384584 0.174269
1073170 0.239832 0.112050
1271396 0.279783 0.129663
1268259 0.288227 0.137378
1727552 0.419255 0.187815
1394909 0.322171 0.156057
1130256 0.249816 0.114875
1169745 0.261841 0.124495
1785019 0.406381 0.190595
1485030 0.375589 0.157255
1326662 0.307224 0.138799
1472396 0.343507 0.159671
1439507 0.321337 0.151369
1369274 0.309673 0.150307
1227951 0.278409 0.135779
1844290 0.433776 0.205377
1066301 0.253384 0.115317
1676604 0.397301 0.186492
1208524 0.268115 0.133782
1248273 0.277440 0.132440
1184471 0.260583 0.126162
1801408 0.421802 0.197151
1625301 0.379977 0.184973
1140556 0.259496 0.113713
1683167 0.376063 0.173744
1913123 0.468697 0.198218
1534720 0.354513 0.169149
1288470 0.294819 0.143313
1173683 0.268453 0.125625
1802113 0.415807 0.192038
1107802 0.240933 0.123160
1369946 0.307384 0.152872
1943909 0.457129 0.206698
1549690 0.362750 0.162188
1435025 0.334461 0.146082
1812925 0.416141 0.188420
1121907 0.246039 0.116960
1538634 0.353361 0.161375
1063422 0.247579 0.114242
1804852 0.422670 0.206497
1886945 0.433875 0.203686
1756055 0.402924 0.185118
1940915 0.467545 0.209803
1109922 0.253040 0.121683
1835136 0.444557 0.217524
1436816 0.324481 0.159054
1541399 0.342932 0.158625
1637920 0.370349 0.175081
1481329 0.343948 0.161817
1498938 0.353603 0.161712
1990936 0.450652 0.208160
1592527 0.354071 0.172236
1798023 0.421597 0.193534
1946610 0.466404 0.208054
1234490 0.280323 0.128178
1515382 0.339903 0.155441
1132667 0.252990 0.133290
1610429 0.390559 0.172713
1442585 0.346751 0.156918
1138975 0.262317 0.126636
1457750 0.337199 0.158960
1995009 0.455846 0.214180
1749293 0.393387 0.221307
1149846 0.264209 0.124333
1743568 0.411099 0.193951
1947773 0.454742 0.214380
1097380 0.247406 0.113367
1838743 0.413693 0.192634
1182454 0.261487 0.123537
1573087 0.370045 0.169569
1363216 0.314856 0.144241
1911038 0.463101 0.201246
1559411 0.343247 0.159900
1384722 0.305474 0.182699
1579377 0.364926 0.162436
1384889 0.321707 0.143623
1898027 0.450112 0.206333
1984409 0.457394 0.203820
1985869 0.490018 0.207611
1103385 0.255624 0.117497
1932448 0.457479 0.216902
1927873 0.462226 0.200462
1511877 0.339714 0.161110
1625443 0.408346 0.171251
1608501 0.378563 0.176435
1204588 0.281525 0.134327
1008121 0.228594 0.114243
1576425 0.360792 0.164414
1212505 0.267391 0.133321
1500578 0.333208 0.159349
1854184 0.445235 0.201708
1521604 0.349174 0.163311
1433151 0.331183 0.151507
1350589 0.299424 0.135861
1766116 0.419823 0.191341
1086292 0.243459 0.114043
1623209 0.376904 0.172828
1824428 0.428486 0.200236
1367447 0.322987 0.140520
1049660 0.230100 0.109748
1241958 0.278425 0.123818
1162537 0.256197 0.121492
1947122 0.462319 0.210607
1621555 0.385760 0.176082
1174186 0.268921 0.120565
1847821 0.414248 0.205518
1184234 0.281705 0.119499
1989794 0.472643 0.215031
1846689 0.436878 0.193313
1447514 0.337981 0.179148
1568590 0.354742 0.165807
1428337 0.317061 0.149234
1133583 0.260993 0.123800
1209124 0.352124 0.133586
1565031 0.367007 0.177358
1569638 0.450679 0.196545
1753050 0.411762 0.182497
1890937 0.453492 0.205212
1087551 0.251357 0.116349
1182834 0.270487 0.125289
1501339 0.348004 0.158445
1847025 0.420985 0.190603
1184797 0.258955 0.171420
1445918 0.331594 0.154953
1604925 0.377180 0.183795
1238066 0.294334 0.131023
1743967 0.402351 0.178403
1116604 0.257853 0.122171
1573371 0.382089 0.165072
1608484 0.382567 0.170433
1024125 0.230269 0.107354
1980825 0.468926 0.218972
1972044 0.460186 0.206183
1609360 0.385895 0.174087
1515704 0.355446 0.158454
1019343 0.232104 0.108109
1454669 0.335874 0.174647
1252059 0.289882 0.137016
1456670 0.326839 0.152947
1404707 0.306629 0.206127
1133737 0.261494 0.120776
1024771 0.235158 0.106354
1185483 0.277536 0.131331
1015458 0.233166 0.108158
1791405 0.404917 0.186704
1030725 0.225947 0.107304
1373466 0.334004 0.145357
1001278 0.226905 0.106651
1464493 0.385390 0.166122
1329751 0.310457 0.139012
1845822 0.418964 0.200802
1008547 0.225396 0.107247
1790412 0.442239 0.193123
1242655 0.289329 0.134872
1971298 0.461177 0.212206
1208230 0.278126 0.127903
1404656 0.311155 0.140384
1104938 0.259268 0.123314
1221941 0.313672 0.125238
1273987 0.299565 0.135168
1252352 0.315284 0.138819
1606229 0.378630 0.168246
1898900 0.432997 0.201162
1152210 0.252091 0.121662
1171596 0.258140 0.126429
1384135 0.324627 0.153682
1534351 0.367904 0.161983
1680602 0.398482 0.188193
1606940 0.364427 0.185293
1874542 0.443220 0.196381
1697869 0.405854 0.209676
1686556 0.393962 0.189822
1342842 0.316114 0.149480
1885575 0.430085 0.201307
1712968 0.417993 0.178438
1839087 0.430743 0.208394
1667359 0.398821 0.179018
1779823 0.422978 0.192060
1678387 0.379522 0.174854
