1317224 0.287627 0.141937
1428317 0.329200 0.146385
1274744 0.282501 0.138829
1646221 0.387204 0.176977
1801272 0.429193 0.205222
1100863 0.242237 0.120170
1039094 0.224065 0.106977
1053690 0.239682 0.108355
1301018 0.294524 0.131793
1923886 0.457513 0.213542
1237025 0.281542 0.136086
1803756 0.426929 0.193800
1053830 0.231565 0.117415
1951427 0.480387 0.206946
1749441 0.414596 0.196532
1209427 0.282534 0.132564
1798019 0.424749 0.207164
1701248 0.385205 0.182100
1976953 0.492373 0.215312
1469604 0.340104 0.157665
1375672 0.317357 0.154049
1328047 0.306430 0.144686
1864259 0.457636 0.199715
1280151 0.281567 0.141986
1472204 0.330005 0.156826
1428233 0.324757 0.186259
1508970 0.351532 0.170270
1628393 0.375104 0.167155
1623060 0.366286 0.174438
1620001 0.389133 0.167713
1118801 0.256553 0.123596
1974055 0.470126 0.214754
1966571 0.466961 0.203421
1114140 0.245279 0.119638
1213629 0.268544 0.126570
1621226 0.360326 0.174177
1469405 0.336789 0.154394
1671740 0.397550 0.179884
1079442 0.252562 0.119643
1756642 0.400331 0.186621
1874726 0.431295 0.214598
1426696 0.340646 0.154267
1880139 0.445010 0.201674
1258949 0.291632 0.138161
1297946 0.290927 0.134178
1338747 0.307705 0.138250
1247629 0.276118 0.136337
1979310 0.470108 0.217710
1913887 0.456042 0.207902
1524749 0.335018 0.161232
1008537 0.218804 0.103805
1078869 0.238088 0.122119
1658326 0.388257 0.180481
1613594 0.378838 0.170035
1891420 0.448807 0.211566
1359461 0.302051 0.146287
1547149 0.339078 0.172160
1646747 0.385570 0.176904
1988227 0.462601 0.214049
1183364 0.271426 0.134562
1793727 0.409945 0.197580
1336915 0.297745 0.152664
1684980 0.382522 0.195881
1239378 0.283602 0.135265
1429725 0.333587 0.151799
1889259 0.441634 0.203113
1175394 0.259561 0.126554
1015098 0.233529 0.105407
1298959 0.285396 0.140004
1143839 0.260364 0.130215
1920336 0.456965 0.212887
1096743 0.254919 0.118610
1252221 0.277187 0.130644
1717053 0.391452 0.184452
1301122 0.292661 0.144133
1272607 0.292702 0.144804
1581319 0.363047 0.176678
1518029 0.350009 0.156333
1101219 0.244659 0.118610
1983246 0.460578 0.229274
1404605 0.322812 0.168559
1974980 0.461956 0.232113
1789351 0.422772 0.194079
1719996 0.397804 0.182023
1835037 0.413181 0.196844
1154905 0.265663 0.125554
1043931 0.242397 0.112980
1554962 0.362208 0.174672
1447314 0.322928 0.152507
1411860 0.311266 0.158823
1048591 0.245922 0.117390
1135573 0.262079 0.126087
1286069 0.303790 0.163999
1003142 0.227331 0.107092
1193223 0.272606 0.130297
1147598 0.251923 0.118149
1980964 0.445982 0.211458
1652397 0.387780 0.176156
1386765 0.321215 0.148857
1473648 0.351950 0.165254
1183039 0.273850 0.130634
1407680 0.311092 0.146433
1252140 0.274328 0.132983
1387015 0.306720 0.148705
1530630 0.359545 0.170455
1879255 0.441731 0.213098
1572321 0.350516 0.163409
1597932 0.358756 0.191734
1352593 0.296602 0.148919
1570802 0.360473 0.169343
1217403 0.278859 0.129334
1955512 0.465180 0.221714
1614241 0.360745 0.170543
1939779 0.496731 0.212697
1887931 0.459746 0.208799
1610124 0.375750 0.181741
1446796 0.329323 0.153961
1723832 0.387395 0.183239
1350512 0.327567 0.139889
1355800 0.310222 0.146691
1810821 0.424020 0.199747
1791422 0.432493 0.216260
1834498 0.418287 0.200539
1093716 0.241208 0.117225
1121050 0.246510 0.119889
1721217 0.402125 0.213533
1063031 0.239683 0.115161
1036574 0.231695 0.114361
1148042 0.251480 0.120166
1684623 0.382801 0.180934
1228839 0.270069 0.123242
1546392 0.364809 0.184817
1382219 0.319475 0.149541
1986254 0.474502 0.213231
1957994 0.440011 0.214043
1431407 0.315669 0.147819
1696295 0.402972 0.190281
1935084 0.455897 0.217170
1807419 0.406612 0.197475
1703180 0.387084 0.174507
1138976 0.249738 0.128325
1057822 0.237277 0.125030
1719432 0.408911 0.207675
1401468 0.323886 0.150925
1848426 0.413957 0.201167
1070602 0.233837 0.111019
1089211 0.236967 0.112900
1461833 0.336072 0.157308
1998712 0.473578 0.212483
1922887 0.442463 0.204321
1079793 0.240514 0.118089
1974346 0.492813 0.209923
1636265 0.386206 0.178284
1711374 0.407950 0.189972
1118260 0.252753 0.127164
1009525 0.221954 0.117726
1345010 0.300037 0.137675
1033934 0.233464 0.105517
1589891 0.368775 0.173006
1602298 0.452810 0.177194
1569146 0.357368 0.170473
1197400 0.271364 0.127066
1302807 0.286147 0.135467
1922965 0.448914 0.213213
1781989 0.417093 0.197518
1176695 0.270475 0.127921
1960537 0.448370 0.206402
1759149 0.399976 0.188700
1166266 0.267918 0.120359
1726586 0.405710 0.197546
1982591 0.467657 0.233077
1990188 0.448205 0.221506
1200127 0.268318 0.135754
1516569 0.336659 0.158346
1673046 0.406441 0.181527
1530355 0.357383 0.166691
1587722 0.373059 0.171970
1731322 0.390232 0.185909
1319406 0.337121 0.136922
1695055 0.400739 0.184407
1332180 0.306079 0.142095
1795601 0.432779 0.192480
1967118 0.441682 0.216631
1793667 0.419992 0.203250
1085677 0.251761 0.115560
1552249 0.351245 0.165189
1708230 0.410555 0.183417
1887940 0.425755 0.211768
1753738 0.398385 0.191969
1435447 0.337369 0.157490
1766218 0.496036 0.190583
1881432 0.444183 0.204669
1015787 0.227952 0.105192
1917397 0.433247 0.209842
1880444 0.440298 0.219487
1969123 0.463999 0.215040
1013915 0.229319 0.114152
1907372 0.429637 0.204700
1824958 0.408605 0.248350
1571151 0.361862 0.169621
1618588 0.374985 0.174903
1447460 0.331997 0.157994
1053152 0.229197 0.112030
1843837 0.420115 0.195949
1114763 0.251113 0.120508
1643214 0.381833 0.181636
1234541 0.284538 0.136200
1491925 0.343377 0.169187
1351089 0.297822 0.140071
1387493 0.309354 0.142076
1655256 0.387368 0.184555
1270821 0.291452 0.137461
1133623 0.258040 0.123489
1005198 0.225027 0.111158
1289508 0.287157 0.145179
1842287 0.417650 0.197168
1137044 0.248859 0.118621
1585340 0.370161 0.169118
1972816 0.472588 0.213240
1194411 0.272804 0.122408
1625383 0.373526 0.173240
1222508 0.270429 0.136197
1582125 0.362959 0.179344
1655734 0.384392 0.255961
1361085 0.308846 0.148887
1441588 0.319328 0.149064
1320916 0.289432 0.142507
1068321 0.233514 0.112695
1732930 0.406777 0.187421
1640588 0.387283 0.181747
1249662 0.285711 0.131692
1989709 0.463985 0.217736
1829325 0.418423 0.188967
1691376 0.396215 0.187461
1408875 0.327694 0.156286
1337821 0.305424 0.142283
1273643 0.281652 0.139101
1085327 0.242693 0.115421
1203960 0.270237 0.125473
1722508 0.406802 0.190840
1107689 0.252453 0.117063
1007252 0.225680 0.109772
1782776 0.419438 0.186122
1678040 0.390915 0.175221
1337290 0.311399 0.138242
1108104 0.253170 0.127057
1727833 0.407772 0.187068
1931956 0.455102 0.217661
1288210 0.285479 0.137106
1483622 0.337667 0.156436
