1357799 0.317489 0.201239
1560598 0.367236 0.238722
1222906 0.291120 0.183236
1207860 0.283193 0.174701
1917088 0.456948 0.292739
1178206 0.269401 0.173536
1239331 0.292015 0.187527
1638493 0.621150 0.416055
1750514 0.479965 0.278967
1267311 0.356564 0.188712
1641739 0.481747 0.267101
1879087 0.467651 0.296240
1095512 0.302994 0.254673
1378721 0.409765 0.222183
1411897 0.350091 0.215682
1956279 0.462818 0.298316
1254615 0.293638 0.189101
1011521 0.236984 0.150830
1487313 0.349577 0.218356
1849329 0.435365 0.277466
1629880 0.389756 0.248962
1920167 0.473345 0.290450
1874052 0.456005 0.282389
1482739 0.344816 0.226586
1003629 0.232343 0.145373
1706097 0.405053 0.258254
1031039 0.237655 0.158346
1478891 0.422708 0.220724
1953202 0.468738 0.312430
1451394 0.398858 0.218140
1298860 0.299594 0.200031
1870370 0.451562 0.288104
1351929 0.313475 0.203597
1094873 0.263586 0.165882
1120693 0.278569 0.161904
1001386 0.228888 0.154800
1570964 0.366299 0.272304
1687270 0.402145 0.267507
1555803 0.368134 0.245228
1427897 0.335903 0.251468
1859544 0.451454 0.304980
1653543 0.404683 0.271130
1217175 0.283001 0.194546
1779238 0.425174 0.292280
1093687 0.294069 0.176074
1347882 0.328117 0.213014
1801381 0.428529 0.299284
1654652 0.393451 0.265688
1671807 0.398273 0.267376
1129068 0.289014 0.171591
1963472 0.468074 0.316728
1431096 0.337295 0.223291
1314703 0.308456 0.209750
1346127 0.316117 0.225982
1226823 0.289928 0.197561
1037315 0.233430 0.164676
1462224 0.339822 0.227032
1337394 0.318841 0.217485
1826121 0.432470 0.354261
1301850 0.304415 0.203469
1499912 0.349805 0.239004
1155318 0.266300 0.183806
1391206 0.326416 0.226167
1458640 0.354482 0.230724
1894765 0.464137 0.311962
1598002 0.467362 0.255560
1659780 0.405043 0.271073
1097309 0.266328 0.172159
1900529 0.470000 0.300290
1801078 0.437831 0.286789
1599441 0.372555 0.259565
1310655 0.310789 0.206126
1552751 0.371196 0.252440
1740108 0.429046 0.275795
1649177 0.401044 0.259641
1605973 0.387406 0.246637
1980027 0.479639 0.302516
1769314 0.433027 0.266774
1360062 0.318199 0.207659
1916316 0.491286 0.303245
1414740 0.332182 0.205449
1096576 0.248752 0.162250
1510466 0.362419 0.230806
1932279 0.464467 0.288313
1757483 0.431372 0.271377
1028843 0.233779 0.149251
1349475 0.311432 0.196970
1938673 0.460775 0.300021
1935543 0.461687 0.290369
1598355 0.407882 0.245257
1483173 0.349975 0.225149
1254833 0.288757 0.184526
1779493 0.426137 0.273084
1189670 0.275050 0.169362
1927662 0.464733 0.293370
1074241 0.247389 0.161109
1455851 0.342593 0.216511
1858444 0.443966 0.282350
1149116 0.268433 0.167635
1489069 0.344115 0.227296
1944683 0.459172 0.303340
1018432 0.236061 0.153076
1464605 0.343511 0.215648
1746607 0.427884 0.258927
1765047 0.446063 0.280134
1208856 0.278440 0.180491
1581917 0.373629 0.241517
1251953 0.288603 0.182781
1556673 0.364368 0.238070
1846916 0.447375 0.280068
1994688 0.476298 0.304856
1577227 0.397713 0.311402
1148107 0.288100 0.216502
1039863 0.311396 0.151874
1757799 0.427862 0.263696
1764653 0.412823 0.275204
1029304 0.233282 0.145180
1546190 0.355128 0.234773
1587431 0.378501 0.239656
1171116 0.273664 0.180255
1877473 0.446778 0.286195
1631171 0.391156 0.248821
1759498 0.419291 0.264632
1132926 0.264242 0.159487
1905460 0.461281 0.289853
1393706 0.320208 0.214004
1818548 0.432985 0.275554
1490702 0.358022 0.215091
1306493 0.301982 0.199726
1082508 0.248737 0.166353
1464329 0.375862 0.223338
1719677 0.415429 0.262569
1980950 0.479144 0.297306
1960620 0.471603 0.299221
1622478 0.392410 0.268888
1396307 0.331076 0.209094
1811025 0.422689 0.272952
1570097 0.371606 0.228380
1231356 0.285241 0.180454
1421622 0.339071 0.212307
1038625 0.233238 0.157533
1494344 0.344139 0.222964
1976149 0.473545 0.310047
1087503 0.260025 0.160877
1258617 0.288691 0.187052
1611642 0.380218 0.246920
1130425 0.256705 0.157694
1968549 0.469477 0.304136
1735271 0.438128 0.279228
1139455 0.458766 0.247760
1873766 0.567877 0.408077
1695665 0.621800 0.314077
1499357 1.110685 0.452262
1597621 0.426645 0.243505
1343465 0.343342 0.208964
1748058 0.447952 0.277004
1788279 0.453522 0.269708
1130790 0.274812 0.170720
1493363 0.364094 0.228941
1283618 0.303402 0.211904
1044299 0.249744 0.157058
1729816 0.435259 0.266816
1747436 0.498315 0.282247
1788584 0.437442 0.285770
1698180 0.419307 0.268351
1334788 0.317409 0.210094
1737551 0.479688 0.371044
1028023 0.241537 0.151494
1908323 0.456244 0.319498
1393654 0.342838 0.220001
1097017 0.258742 0.208667
1714878 0.489091 0.435830
1680449 0.608057 0.435162
1880227 0.630010 0.305642
1604931 0.478431 0.244942
1678624 0.402159 0.261994
1695905 0.402841 0.261368
1711562 0.440995 0.269620
1467802 0.347955 0.218762
1933944 0.470140 0.302121
1647688 0.389895 0.251028
1052877 0.241408 0.151774
1392609 0.324657 0.229195
1152302 0.261595 0.165722
1818073 0.435505 0.287502
1449947 0.353009 0.220038
1718703 0.418847 0.263824
1512308 0.351876 0.228278
1296361 0.307052 0.195209
1891368 0.444972 0.275766
1128315 0.265255 0.168851
1589198 0.373075 0.237860
1891867 0.453999 0.287261
1971702 0.461680 0.295550
1516137 0.356347 0.221466
1015661 0.232739 0.155982
1878153 0.449650 0.290836
1478584 0.352912 0.220012
1223969 0.281637 0.180187
1882888 0.442057 0.295280
1392655 0.337946 0.206264
1474933 0.344899 0.230505
1530696 0.371364 0.226144
1588316 0.366142 0.236877
1316175 0.298107 0.200977
1206244 0.280325 0.185842
1042190 0.238612 0.159090
1963205 0.466050 0.295217
1733666 0.444555 0.256313
1452714 0.342315 0.211603
1214137 0.280779 0.178640
1105711 0.258881 0.170497
1964107 0.473323 0.296712
1042704 0.246017 0.158912
1717338 0.401043 0.255997
1420790 0.332119 0.208185
1458207 0.337604 0.212220
1010086 0.230063 0.159198
1125702 0.259984 0.157171
1951601 0.461361 0.294817
1201017 0.273232 0.180487
1342225 0.307258 0.195452
1573475 0.373523 0.243417
1081620 0.250352 0.160555
1391946 0.323306 0.207255
1924681 0.451070 0.283695
1376883 0.318080 0.206015
1478202 0.343674 0.216864
1032317 0.242672 0.149932
1885047 0.449293 0.287273
1858080 0.434740 0.283861
1889125 0.439767 0.290302
1104244 0.254409 0.161852
1717940 0.405380 0.267813
1489899 0.401064 0.255952
1430017 0.331259 0.212010
1017592 0.230322 0.146129
1808270 0.432552 0.277571
1428323 0.334998 0.213816
1715503 0.406062 0.260700
1960530 0.467210 0.294062
1921352 0.452869 0.271966
1739224 0.422542 0.262190
1742002 0.417586 0.263408
1967705 0.473066 0.298000
1365296 0.308335 0.198170
1801717 0.419264 0.268703
1859612 0.437469 0.289868
1672934 0.396044 0.251962
1016943 0.232666 0.152773
