1933744 0.455655 0.283537
1078080 0.246232 0.146682
1076041 0.251344 0.147125
1695180 0.403535 0.252894
1074498 0.252036 0.149167
1627860 0.443543 0.239894
1781486 0.418389 0.262677
1058774 0.242303 0.150843
1259475 0.306477 0.175661
1101405 0.254611 0.156008
1523343 0.356842 0.229197
1586050 0.367837 0.247931
1002608 0.225492 0.136812
1875664 0.439671 0.268689
1299658 0.303581 0.188783
1255209 0.291933 0.176351
1850475 0.441698 0.276323
1975599 0.469560 0.281708
1878611 0.442547 0.277011
1917627 0.463165 0.294522
1674493 0.394648 0.240810
1714212 0.404907 0.249537
1585839 0.367885 0.223246
1391805 0.323177 0.204924
1846331 0.439905 0.262993
1118480 0.265617 0.153938
1719192 0.438670 0.249292
1017147 0.228284 0.140180
1093337 0.251055 0.157596
1694156 0.400321 0.253906
1652820 0.389125 0.238894
1452383 0.344321 0.213801
1211805 0.279955 0.167066
1059144 0.241065 0.147982
1027694 0.231093 0.144155
1754362 0.420886 0.258909
1842466 0.443415 0.269173
1131563 0.266709 0.156816
1613787 0.383342 0.229393
1124478 0.255223 0.159822
1163625 0.264844 0.165292
1818556 0.426507 0.258413
1273365 0.294630 0.186688
1398131 0.317617 0.202099
1488883 0.343572 0.210053
1215952 0.277125 0.172536
1175968 0.288137 0.167609
1643710 0.394629 0.237010
1915100 0.471651 0.279634
1281705 0.289320 0.175506
1320859 0.312660 0.184934
1241309 0.287589 0.179057
1126942 0.266315 0.158110
1573595 0.368371 0.227402
1114156 0.262388 0.154600
1867429 0.452036 0.279297
1931682 0.457654 0.269312
1672706 0.394426 0.241203
1783739 0.421308 0.266671
1499348 0.379649 0.211101
1413953 0.322160 0.198818
1252394 0.285412 0.177493
1607951 0.382280 0.221557
1857803 0.447083 0.275960
1753647 0.445783 0.255618
1664864 0.393494 0.235486
1273064 0.293316 0.180170
1344297 0.312514 0.188544
1494806 0.351808 0.222855
1205176 0.296931 0.166329
1428365 0.328693 0.216373
1281081 0.299884 0.180695
1639938 0.387067 0.242910
1827058 0.438474 0.267792
1312675 0.308349 0.196006
1663140 0.389607 0.240081
1885707 0.479003 0.279143
1291633 0.297912 0.180298
1400831 0.338345 0.212144
1326248 0.313272 0.186130
1610445 0.391124 0.223659
1041388 0.242255 0.145686
1935963 0.454691 0.274112
1646067 0.388027 0.258888
1627226 0.388291 0.237584
1212271 0.284977 0.179836
1499707 0.341688 0.209116
1162761 0.265929 0.161886
1083602 0.259419 0.158372
1055616 0.240299 0.153000
1813613 0.431294 0.269071
1022322 0.228865 0.169526
1056185 0.239991 0.148546
1302493 0.295254 0.176208
1538786 0.363439 0.226897
1007790 0.230990 0.138676
1201788 0.278226 0.172111
1819102 0.434064 0.287298
1492672 0.345069 0.218283
1573918 0.371271 0.220231
1958830 0.473442 0.288761
1909042 0.460390 0.328500
1613317 0.383233 0.229485
1695707 0.398782 0.248588
1523360 0.355211 0.217266
1119103 0.258838 0.160573
1738598 0.412469 0.252212
1118306 0.256207 0.185357
1014951 0.224605 0.138222
1322018 0.308390 0.180693
1046211 0.237130 0.148471
1686690 0.401685 0.242664
1544272 0.358913 0.224591
1988521 0.489989 0.296899
1467881 0.344423 0.207483
1350169 0.313136 0.191690
1530965 0.361748 0.215999
1427014 0.337146 0.214758
1840716 0.460865 0.273827
1792550 0.424879 0.256142
1951424 0.461866 0.310423
1324697 0.319729 0.188979
1087245 0.252517 0.152353
1962684 0.494795 0.287117
1284789 0.294302 0.188013
1466896 0.347134 0.208645
1341874 0.311704 0.188533
1132473 0.264048 0.164051
1880594 0.447781 0.288820
1504382 0.350721 0.213644
1813735 0.433051 0.257039
1458216 0.340758 0.209090
1287707 0.306340 0.181672
1288542 0.350225 0.184839
1915548 0.453706 0.279025
1472578 0.350257 0.210390
1093074 0.250079 0.151737
1736844 0.412345 0.255085
1687731 0.397412 0.249982
1102219 0.264182 0.151940
1586948 0.364398 0.234817
1277045 0.300064 0.186402
1553996 0.366250 0.231513
1506612 0.351447 0.216661
1404957 0.321759 0.239151
1432082 0.328400 0.195557
1349114 0.310049 0.194819
1856644 0.441618 0.268863
1119929 0.263230 0.158086
1265113 0.301819 0.175407
1285678 0.294124 0.181658
1169881 0.266421 0.170187
1555293 0.357875 0.215539
1701078 0.417721 0.253218
1349954 0.315038 0.191816
1228973 0.289387 0.170321
1389114 0.319364 0.199944
1575462 0.363631 0.223594
1423647 0.333758 0.202362
1784518 0.430944 0.261332
1914032 0.471599 0.274645
1526675 0.357861 0.221373
1173054 0.263717 0.165320
1955864 0.467186 0.283734
1098719 0.255065 0.155290
1857575 0.472850 0.272622
1814989 0.437230 0.259648
1433448 0.330968 0.198941
1972610 0.471180 0.291017
1579575 0.368857 0.224448
1874182 0.476169 0.267295
1602478 0.379894 0.227389
1011384 0.226331 0.138695
1367411 0.318614 0.198304
1955522 0.467081 0.293313
1598256 0.372103 0.250957
1995359 0.468251 0.284614
1523580 0.364054 0.219618
1762954 0.422121 0.254494
1667832 0.401876 0.245646
1344950 0.351184 0.199773
1744421 0.411541 0.246922
1406548 0.328972 0.206035
1494142 0.357603 0.216049
1986923 0.481428 0.294986
1155339 0.293496 0.166646
1236370 0.282699 0.180559
1947492 0.468188 0.295010
1928589 0.460718 0.282011
1763905 0.416209 0.265474
1936768 0.452488 0.279398
1221762 0.284869 0.176349
1489847 0.346938 0.214253
1344998 0.310451 0.194347
1781810 0.423021 0.327198
1521048 0.353727 0.216742
1497159 0.350807 0.207527
1124210 0.259578 0.158042
1575513 0.365884 0.228126
1183751 0.284732 0.165199
1073612 0.247730 0.151187
1361981 0.313213 0.181008
1717171 0.403298 0.242998
1566267 0.365473 0.217716
1620503 0.380432 0.235307
1092366 0.251404 0.157218
1208395 0.278174 0.195417
1607879 0.370022 0.225769
1135500 0.265543 0.156720
1387569 0.325518 0.203924
1222401 0.285980 0.177964
1521894 0.356081 0.218527
1433997 0.362186 0.202841
1640470 0.382496 0.232395
1034348 0.237704 0.149104
1576182 0.375029 0.230854
1656355 0.398957 0.240024
1613129 0.380792 0.254909
1338220 0.305394 0.199522
1301700 0.297192 0.181779
1505006 0.354866 0.222115
1089769 0.251640 0.156433
1189717 0.276939 0.169319
1285560 0.296328 0.188184
1334690 0.303757 0.186130
1191902 0.271432 0.162037
1577750 0.382458 0.227124
1353106 0.314220 0.205032
1048744 0.240243 0.149892
1127440 0.300800 0.158867
1169069 0.265908 0.164478
1703296 0.405812 0.249115
1827716 0.433231 0.270788
1593278 0.373166 0.237157
1277459 0.305134 0.182545
1328826 0.304998 0.185779
1895025 0.445852 0.280327
1552427 0.370415 0.229007
1925101 0.468747 0.276594
1572984 0.371772 0.231846
1584915 0.368925 0.230482
1745442 0.421526 0.255199
1924619 0.469902 0.282076
1884521 0.450278 0.274252
1572370 0.366561 0.223286
1787645 0.422335 0.256920
1354527 0.316539 0.195417
1057809 0.240108 0.151028
1051987 0.237780 0.141415
1765544 0.424420 0.249676
