1287120 0.227916 0.106483
1877540 0.375105 0.164748
1071923 0.187878 0.087874
1812333 0.325946 0.157420
1354799 0.237638 0.113912
1548221 0.272474 0.127210
1098347 0.190813 0.096251
1473393 0.267161 0.124437
1672137 0.299129 0.143126
1295724 0.226474 0.106233
1535444 0.271976 0.141033
1487408 0.259433 0.121497
1213390 0.212469 0.101823
1018187 0.176838 0.083532
1351415 0.238974 0.112383
1287890 0.266771 0.107998
1135663 0.202817 0.095875
1641637 0.294065 0.139993
1232750 0.215421 0.106058
1780060 0.314486 0.149934
1136010 0.214038 0.094052
1966408 0.351630 0.163175
1825010 0.326580 0.156555
1748922 0.312718 0.152162
1340641 0.238718 0.115589
1872795 0.332085 0.158688
1516311 0.266729 0.127144
1566526 0.279645 0.135030
1720030 0.311598 0.146596
1732337 0.309775 0.153657
1097847 0.189205 0.091542
1169756 0.206339 0.098900
1315165 0.235902 0.113340
1811655 0.321806 0.152483
1695200 0.307270 0.173579
1571583 0.281164 0.133493
1689050 0.303687 0.141648
1504312 0.262878 0.127305
1032596 0.180322 0.087605
1931188 0.346659 0.163115
1883383 0.336503 0.160006
1433401 0.250980 0.119329
1685280 0.298396 0.226134
1369660 0.346203 0.136556
1609359 0.367641 0.160997
1746303 0.381839 0.164075
1047329 0.183217 0.086451
1047280 0.185980 0.088510
1518974 0.268767 0.129883
1312439 0.224204 0.111368
