1330520 0.233863 0.131284
1667190 0.298430 0.143213
1490997 0.268888 0.124099
1100235 0.192715 0.090408
1259906 0.217987 0.103647
1877606 0.338149 0.177383
1761260 0.309640 0.145788
1841530 0.325156 0.154307
1868002 0.341597 0.157092
1054628 0.180895 0.087621
1229812 0.222511 0.102400
1388717 0.249504 0.116950
1228874 0.216673 0.106161
1414406 0.251359 0.121953
1350489 0.282459 0.114745
1570493 0.284737 0.136054
1301926 0.228010 0.106585
1291181 0.222480 0.127758
1131104 0.197237 0.093349
1105177 0.191339 0.096148
1005140 0.172910 0.083366
1279307 0.221377 0.103621
1986302 0.350491 0.164522
1665937 0.293579 0.143204
1414588 0.248771 0.118468
1070459 0.189034 0.092043
1083979 0.189228 0.092705
1946575 0.342364 0.165872
1162737 0.202363 0.101123
1497638 0.262592 0.138626
1022495 0.177743 0.085025
1781911 0.314750 0.166609
1750932 0.308831 0.144886
1835209 0.323931 0.147473
1847076 0.328342 0.152238
1252875 0.219465 0.105605
1565561 0.275698 0.132915
1061350 0.184977 0.095276
1335249 0.231607 0.122182
1447189 0.252711 0.121503
1517262 0.263464 0.127300
1609099 0.290134 0.133826
1837367 0.327997 0.152678
1697323 0.301755 0.145062
1447005 0.258127 0.123346
1062952 0.185637 0.092157
1930947 0.356788 0.172902
1779413 0.324447 0.153667
1593349 0.287508 0.132938
1294343 0.227030 0.121280
