1756537 0.291130  0.166118
1120390 0.190442  0.108578
1762383 0.336768  0.161036
1800470 0.303223  0.159473
1131836 0.187611  0.251657
1632148 0.304501  0.146493
1104181 0.199427  0.118221
1488015 0.280538  0.188558
1743193 0.316624  0.193732
1207918 0.206352  0.106869
1252814 0.206734  0.109936
1674192 0.263845  0.145086
1924854 0.329999  0.171132
1222381 0.195412  0.107674
1516257 0.304807  0.256024
1867658 0.322074  0.243553
1038449 0.173317  0.142041
1262918 0.205196  0.251133
1845752 0.308654  0.232286
1777072 0.286953  0.295707
1260267 0.226288  0.237762
1383988 0.221884  0.234737
1984353 0.310464  0.184128
1546459 0.250711  0.138495
1063159 0.172969  0.101654
1223678 0.192857  0.107885
1229491 0.200297  0.140322
1132644 0.192876  0.282355
1202136 0.217789  0.116370
1564115 0.252632  0.144057
1840922 0.293996  0.184615
1531004 0.239155  0.131917
1686576 0.265128  0.143450
1316259 0.203800  0.115595
1632762 0.337077  0.286412
1146918 0.209171  0.212931
1051525 0.202036  0.180384
1521434 0.253628  0.240287
1281794 0.207372  0.156414
1432137 0.239017  0.274148
1780085 0.326079  0.260312
1490784 0.271644  0.257853
1818732 0.333252  0.421225
1642981 0.497536  0.284370
1097457 0.172226  0.223928
1358784 0.223898  0.145334
1633292 0.274983  0.179091
1951670 0.363919  0.193095
1810712 0.286827  0.177544
1296588 0.218982  0.124546
