1152089 0.189121  0.110068
1848674 0.325330  0.300896
1026660 0.176073  0.110951
1045208 0.159193  0.112174
1316550 0.207744  0.121061
1080019 0.176873  0.113731
1306344 0.221167  0.133090
1475293 0.245131  0.161893
1779661 0.364281  0.173512
1496443 0.319864  0.127096
1964363 0.346034  0.222122
1055104 0.190985  0.120579
1162778 0.197674  0.105673
1932878 0.308561  0.170253
1393477 0.219879  0.124005
1284439 0.221094  0.126685
1430314 0.224382  0.125354
1836904 0.297799  0.176283
1397068 0.264081  0.120564
1329553 0.217269  0.145251
1705291 0.397174  0.371274
1426366 0.289826  0.231204
1461465 0.244016  0.189090
1318359 0.203649  0.236332
1031635 0.191011  0.094027
1489994 0.249135  0.158270
1696290 0.270053  0.145358
1865263 0.333019  0.333171
1272359 0.216047  0.184544
1551343 0.323074  0.145307
1659927 0.296525  0.182688
1391646 0.223069  0.140874
1647455 0.312796  0.277500
1482166 0.247012  0.155248
1753500 0.286658  0.214424
1339295 0.243841  0.130350
1701482 0.315912  0.213491
1159519 0.195882  0.195833
1135211 0.287652  0.279552
1833138 0.293789  0.188550
1151096 0.183277  0.105584
1678482 0.269211  0.200575
1873558 0.339351  0.328671
1023315 0.158098  0.090973
1325767 0.207541  0.127022
1663009 0.325743  0.317988
1839834 0.285140  0.294019
1491786 0.264330  0.277542
1318256 0.209643  0.127052
1674663 0.349246  0.147412
