1700734 0.510722  0.163304
1419815 0.247264  0.138174
1450367 0.225962  0.123266
1734732 0.270581  0.367827
1568113 0.252051  0.308882
1421864 0.235751  0.211861
1031746 0.167595  0.412992
1998587 0.316893  0.170752
1879038 0.309006  0.160661
1971488 0.307270  0.179862
1909452 0.303771  0.222557
1053504 0.187835  0.113997
1755890 0.276428  0.289858
1365957 0.211933  0.116800
1098146 0.178958  0.122983
1155151 0.187699  0.118845
1798672 0.292192  0.157580
1672186 0.287345  0.295295
1843597 0.286238  0.217286
1637309 0.423577  0.315101
1637454 0.291537  0.249626
1003406 0.154447  0.082648
1938067 0.368862  0.167829
1304943 0.205938  0.116546
1300346 0.204887  0.115468
1166562 0.235367  0.198904
1650009 0.418286  0.246627
1214495 0.220095  0.171951
1637580 0.292428  0.174543
1662801 0.279462  0.144511
1788135 0.276525  0.149415
1851593 0.314409  0.201275
1164686 0.183428  0.193484
1107338 0.178473  0.114678
1857505 0.311988  0.181191
1935752 0.317784  0.164289
1609476 0.267429  0.258793
1468105 0.260248  0.258620
1585744 0.265331  0.137207
1295925 0.207120  0.114416
1590456 0.335210  0.318405
1422829 0.240903  0.139597
1447590 0.225051  0.163579
1543313 0.239231  0.130227
1171494 0.182959  0.158399
1808600 0.316914  0.149229
1456787 0.227968  0.130127
1308279 0.229223  0.169871
1841425 0.285879  0.170944
1587182 0.280394  0.215804
