1483323 0.265593 0.171723
1977179 0.348560 0.226561
1091274 0.193724 0.119505
1559359 0.275454 0.174603
1323358 0.234059 0.143707
1553106 0.285321 0.169253
1122878 0.197047 0.125331
1389742 0.244047 0.169276
1750264 0.314940 0.200123
1189057 0.207592 0.129638
1748264 0.304880 0.193145
1735561 0.452318 0.250126
1030803 0.352225 0.187030
1880774 0.468496 0.275842
1099714 0.254447 0.163070
1273938 0.290670 0.229129
1070471 0.251222 0.141212
1415742 0.322665 0.184416
1199800 0.244315 0.155140
1535475 0.311374 0.191623
1778992 0.375647 0.232303
1545932 0.318714 0.199487
1957795 0.396432 0.271113
1054875 0.213930 0.133167
1363714 0.314164 0.176522
1549638 0.272957 0.169261
1562153 0.278018 0.175242
1727346 0.312304 0.196845
1282694 0.227479 0.140678
1771082 0.322762 0.199795
1055159 0.178867 0.114094
1657239 0.298203 0.184200
1257469 0.220410 0.138364
1794205 0.325507 0.200465
1124075 0.198096 0.124006
1907800 0.341488 0.220385
1088825 0.191330 0.125087
1220963 0.217766 0.132342
1687023 0.296053 0.187125
1244881 0.218589 0.135408
1308534 0.228413 0.144659
1417803 0.378833 0.189025
1215959 0.219286 0.136634
1312166 0.230152 0.143336
1603386 0.282804 0.176984
1898485 0.342453 0.216097
1567514 0.277260 0.173217
1031660 0.176420 0.110460
1694942 0.304226 0.190159
1595654 0.285166 0.181612
