1927759 0.344153 0.241210
1313513 0.232659 0.149412
1541284 0.273058 0.173971
1151774 0.202383 0.130613
1267221 0.227288 0.146411
1238008 0.221219 0.140062
1911802 0.338856 0.222379
1981795 0.351573 0.233634
1306253 0.229902 0.149194
1051090 0.181431 0.120988
1777712 0.319214 0.207852
1175525 0.198075 0.131215
1358022 0.237459 0.157085
1784606 0.330800 0.205495
1788331 0.314199 0.209745
1791765 0.325884 0.209124
1559961 0.284166 0.181333
1454536 0.255466 0.163179
1952358 0.349799 0.227054
1735235 0.310159 0.200830
1464868 0.260571 0.168362
1641191 0.295073 0.200035
1492731 0.272358 0.176323
1584277 0.276269 0.185589
1616517 0.278524 0.189098
1646119 0.292428 0.188495
1038511 0.189394 0.127828
1245687 0.219536 0.143465
1281147 0.230116 0.151907
1076276 0.187067 0.124632
1894995 0.338926 0.218020
1382842 0.242820 0.158254
1698754 0.300958 0.202194
1086344 0.198137 0.127916
1056931 0.186409 0.120906
1913763 0.351225 0.279570
1392083 0.247535 0.160513
1300906 0.229605 0.145965
1269446 0.223057 0.146019
1499153 0.263578 0.171179
1085577 0.195181 0.131849
1409717 0.249056 0.164767
1764111 0.313894 0.206891
1702934 0.305825 0.197735
1442547 0.256740 0.162481
1741425 0.309411 0.210406
1838760 0.324389 0.211558
1404258 0.251816 0.162661
1286141 0.228768 0.148278
1764067 0.310657 0.206033
