1725068 0.269529  0.152455
1406338 0.223344  0.127014
1381475 0.218664  0.127172
1208076 0.203757  0.141331
1420882 0.262411  0.134624
1109908 0.184726  0.176016
1156611 0.194014  0.113980
1553183 0.308550  0.336270
1337394 0.242942  0.213615
1492388 0.248381  0.142551
1001279 0.151047  0.085418
1968455 0.328765  0.164169
1861624 0.325571  0.167113
1895937 0.296410  0.297221
1369823 0.237619  0.123388
1131159 0.182467  0.133042
1934238 0.353839  0.365803
1448566 0.248476  0.160783
1250685 0.193202  0.171245
1200031 0.197997  0.165657
1864595 0.298745  0.230431
1921261 0.399934  0.202348
1065049 0.176467  0.107908
1234308 0.196495  0.112637
1204749 0.194798  0.124043
1215120 0.187766  0.121400
1097573 0.220111  0.102386
1901440 0.317379  0.177533
1475019 0.239373  0.133117
1709543 0.319985  0.274195
1960615 0.329369  0.317972
1747745 0.309675  0.283709
1778808 0.313753  0.155158
1811728 0.288624  0.214068
1369080 0.275872  0.267057
1310485 0.236628  0.343776
1205376 0.195922  0.106363
1228218 0.208350  0.256218
1559519 0.242502  0.132993
1280854 0.222224  0.190808
1097193 0.222875  0.434538
1988625 0.473370  0.315627
1487481 0.234573  0.133529
1683628 0.278528  0.146608
1690351 0.275443  0.142418
1553245 0.241130  0.137191
1916445 0.394045  0.204746
1474514 0.234218  0.129923
1748472 0.275246  0.270339
1345701 0.241326  0.145138
