1255026 0.152935  0.146302
1114866 0.136247  0.134575
1836968 0.223855  0.197094
1774670 0.271988  0.225554
1398220 0.167996  0.130704
1607243 0.203302  0.196899
1540098 0.205395  0.192656
1681877 0.207276  0.190809
1061176 0.129502  0.124461
1980009 0.242684  0.213511
1517332 0.185380  0.170956
1574629 0.198434  0.189541
1700511 0.208971  0.194589
1914245 0.235665  0.169160
1352823 0.165303  0.141844
1645029 0.198772  0.146096
1892780 0.233701  0.207757
1826552 0.221638  0.203801
1924739 0.238245  0.215912
1460533 0.177673  0.123156
1231270 0.150219  0.130313
1378078 0.166182  0.107208
1843242 0.225122  0.175204
1688110 0.203668  0.191754
1679111 0.206708  0.182088
1672594 0.208290  0.131232
1318453 0.160796  0.114380
1408274 0.173409  0.106793
1924590 0.235449  0.179149
1097986 0.131109  0.085883
1582734 0.193470  0.113672
1724771 0.213366  0.149012
1191184 0.145041  0.113240
1142082 0.137897  0.109280
1852321 0.228714  0.226332
1012945 0.123550  0.114851
1054919 0.125050  0.101306
1851059 0.228743  0.215283
1389626 0.167257  0.119873
1145423 0.139548  0.083581
1224834 0.151083  0.129171
1698985 0.219964  0.182515
1259765 0.154457  0.148164
1730644 0.209715  0.163911
1707142 0.206405  0.175576
1676600 0.206666  0.146666
1070519 0.129601  0.086253
1128145 0.135560  0.127609
1925774 0.236900  0.175115
1000300 0.121896  0.103010
