1000772 0.137603 0.137661
1660512 0.228313 0.225733
1724447 0.238123 0.233177
1949101 0.272828 0.272898
1304768 0.184110 0.188130
1688904 0.261684 0.241011
1898860 0.267017 0.268477
1315576 0.178079 0.181573
1366790 0.190346 0.187830
1645805 0.249169 0.277298
1357837 0.189936 0.183432
1890343 0.269840 0.281873
1453436 0.200317 0.204783
1622665 0.262219 0.239412
1561726 0.216408 0.220268
1965021 0.267242 0.279735
1968568 0.279395 0.285937
1187627 0.167161 0.171391
1038403 0.140336 0.144533
1621627 0.229481 0.285616
1247721 0.244443 0.178533
1692617 0.252087 0.246655
1763615 0.366814 0.255481
1131874 0.213182 0.161181
1954273 0.370367 0.289849
1998779 0.361567 0.286447
1977026 0.275975 0.258630
1360230 0.200278 0.200924
1795719 0.291894 0.315104
1280076 0.179605 0.186098
1070976 0.145456 0.145527
1558400 0.214808 0.225567
1259700 0.189102 0.192819
1493740 0.206065 0.220235
1025706 0.145186 0.210040
1984207 0.326078 0.313539
1321755 0.187982 0.203115
1696016 0.253190 0.238280
1013017 0.143274 0.143754
1089528 0.155581 0.166962
1573192 0.218935 0.250449
1887002 0.300102 0.272835
1570402 0.252632 0.311930
1707715 0.232098 0.306068
1101151 0.149938 0.154742
1200211 0.170515 0.165074
1690330 0.236119 0.240846
1977262 0.320723 0.309738
1306269 0.216785 0.228426
1082279 0.149609 0.151603
