1627583 0.212186 0.123634
1639251 0.206528 0.162067
1783523 0.227378 0.199322
1547852 0.198397 0.198139
1972309 0.251621 0.182994
1232842 0.152975 0.116043
1846352 0.233452 0.165605
1822297 0.231777 0.177856
1464009 0.184584 0.122602
1191329 0.160189 0.123033
1945317 0.247434 0.200398
1711812 0.217477 0.219416
1831121 0.231164 0.180199
1064447 0.133525 0.097168
1233607 0.154035 0.121401
1877528 0.243240 0.160987
1574841 0.201740 0.186061
1483828 0.185522 0.151485
1117160 0.139935 0.136967
1336784 0.167831 0.128034
1647816 0.204958 0.187003
1530244 0.194904 0.129094
1817968 0.234378 0.150573
1942676 0.245218 0.208885
1199762 0.147656 0.116990
1659679 0.208438 0.178143
1940902 0.246108 0.237443
1043755 0.132137 0.115915
1661537 0.216441 0.161075
1544762 0.194741 0.131369
1412615 0.176759 0.123675
1405887 0.176879 0.126098
1695858 0.212618 0.192583
1076908 0.133560 0.114224
1924834 0.244668 0.165518
1929126 0.247371 0.170392
1927627 0.242050 0.209550
1163781 0.144947 0.129544
1082457 0.134056 0.095185
1948680 0.247570 0.248602
1953218 0.246252 0.174278
1238607 0.156138 0.139419
1439365 0.183779 0.180033
1172142 0.146593 0.120070
1170122 0.148780 0.107253
1679952 0.211415 0.180052
1118530 0.138250 0.112791
1349621 0.168459 0.107995
1856789 0.237749 0.165022
1078933 0.137610 0.096964
