1377331 0.197283 0.215890
1382837 0.256973 0.199814
1531386 0.214172 0.223558
1968644 0.276434 0.292160
1685279 0.230878 0.240242
1784411 0.253058 0.248540
1863292 0.260017 0.263127
1109821 0.153599 0.158941
1218584 0.168654 0.186634
1957635 0.273575 0.267836
1809319 0.251112 0.248432
1235428 0.170437 0.170818
1717957 0.239158 0.242403
1795087 0.252025 0.260562
1538580 0.228993 0.224705
1232579 0.172685 0.196911
1183911 0.165000 0.211089
1816480 0.253628 0.308474
1703505 0.241269 0.250092
1527614 0.213893 0.215384
1759030 0.248501 0.253095
1336261 0.188208 0.217274
1265241 0.174353 0.183350
1494053 0.209774 0.201378
1007689 0.136103 0.149587
1335338 0.184017 0.195858
1517986 0.215492 0.204846
1073273 0.146722 0.145836
1604912 0.234262 0.219298
1024164 0.142385 0.181723
1986871 0.278163 0.292012
1499077 0.210835 0.216053
1262432 0.173016 0.182710
1270438 0.173722 0.185509
1768538 0.247120 0.275296
1283143 0.178712 0.177300
1217219 0.167581 0.181499
1529464 0.213727 0.223196
1257689 0.175666 0.171583
1003417 0.137327 0.151387
1516709 0.214375 0.218483
1993047 0.282458 0.318195
1177183 0.166740 0.161094
1478013 0.205881 0.218603
1255808 0.170760 0.182155
1925704 0.270429 0.280056
1251502 0.171970 0.164278
1074519 0.148088 0.196367
1119522 0.154520 0.158793
1758269 0.245310 0.286180
