1348628 0.165281  0.162366
1328784 0.165442  0.108093
1559564 0.198782  0.241445
1650349 0.255382  0.166927
1039519 0.132175  0.117734
1221836 0.161835  0.220486
1139760 0.157561  0.115012
1084268 0.132003  0.139189
1470525 0.199642  0.226843
1019798 0.125777  0.123286
1727325 0.213621  0.132950
1078056 0.127024  0.119656
1381981 0.171966  0.121483
1218191 0.145801  0.122239
1336381 0.162034  0.138513
1543216 0.194241  0.178740
1565435 0.228804  0.238209
1373412 0.276282  0.120402
1775567 0.218951  0.167823
1104291 0.130069  0.121263
1189487 0.144477  0.107651
1833737 0.224807  0.213378
1911243 0.238555  0.218640
1637434 0.200663  0.166219
1334730 0.165479  0.128342
1175883 0.140294  0.130303
1567859 0.190029  0.170239
1775398 0.217517  0.211001
1805278 0.223311  0.165854
1077439 0.130206  0.079616
1126222 0.137679  0.073311
1318969 0.164717  0.155880
1189705 0.149694  0.132406
1140977 0.137086  0.116288
1774359 0.216497  0.166354
1283163 0.156011  0.088143
1726958 0.216189  0.186059
1721178 0.211806  0.209712
1748110 0.215933  0.167428
1071895 0.131787  0.117927
1315951 0.160493  0.136653
1742867 0.211069  0.169834
1262363 0.151046  0.095430
1295954 0.159445  0.152807
1985011 0.245338  0.157530
1361681 0.165828  0.135891
1784471 0.217566  0.192009
1971060 0.240112  0.184608
1984451 0.244350  0.228631
1275438 0.152723  0.096213
