1303098 0.161588  0.143038
1044260 0.129631  0.131067
1883768 0.233878  0.174608
1639471 0.213888  0.209938
1159688 0.148147  0.098321
1536144 0.187448  0.172815
1089013 0.136953  0.088108
1167014 0.140806  0.112984
1723615 0.212714  0.156764
1537285 0.188335  0.184684
1583919 0.194638  0.114119
1337812 0.166257  0.107198
1536245 0.278157  0.144951
1434861 0.177888  0.151492
1555203 0.190245  0.161964
1319405 0.160784  0.126291
1724777 0.212879  0.161138
1253854 0.153005  0.119643
1282716 0.158960  0.099568
1359713 0.166527  0.103752
1562968 0.189445  0.131247
1110072 0.133808  0.122538
1802087 0.221318  0.138915
1392335 0.175601  0.171535
1320791 0.160456  0.145648
1465273 0.184248  0.153190
1201055 0.144603  0.110400
1339990 0.161796  0.103283
1598202 0.192874  0.142615
1012430 0.123744  0.125095
1934788 0.240436  0.203490
1614181 0.197514  0.177378
1635301 0.203300  0.168614
1236444 0.180736  0.161650
1820753 0.222367  0.200540
1984126 0.246653  0.156364
1934217 0.235190  0.197438
1125541 0.137274  0.138482
1677961 0.208879  0.227471
1014972 0.123081  0.095012
1124182 0.137653  0.086665
1342679 0.164577  0.106027
1519837 0.183601  0.160278
1410864 0.173518  0.155960
1229242 0.150627  0.095437
1474946 0.181382  0.106167
1338941 0.160942  0.139361
1185381 0.145388  0.099726
1565297 0.197983  0.199735
1366052 0.167711  0.119334
