1111119 0.138503 0.107126
1739732 0.217858 0.174612
1452515 0.183747 0.179262
1390992 0.178673 0.112825
1280387 0.163245 0.111493
1699726 0.215835 0.155700
1962699 0.251517 0.195035
1141914 0.143940 0.093678
1369704 0.173028 0.166929
1025446 0.127197 0.086450
1595493 0.202278 0.157907
1492151 0.187186 0.133483
1288789 0.162493 0.114660
1937552 0.246748 0.185342
1162321 0.146661 0.122100
1080135 0.133489 0.083408
1763471 0.220984 0.142515
1321596 0.164540 0.120339
1671789 0.208470 0.172292
1372571 0.173552 0.103575
1145294 0.142873 0.100002
1239346 0.157236 0.103872
1851106 0.235415 0.166692
1009237 0.125799 0.091594
1500210 0.188219 0.136647
1620672 0.203941 0.173507
1927054 0.248872 0.211024
1390019 0.176816 0.167506
1662713 0.208467 0.191066
1352128 0.170481 0.138888
1777091 0.226154 0.146300
1033796 0.128034 0.118218
1183035 0.148593 0.106693
1087169 0.133224 0.116653
1105726 0.139461 0.094372
1493338 0.188559 0.146448
1316292 0.163120 0.136963
1769529 0.226312 0.186652
1522471 0.189296 0.132140
1076549 0.134091 0.087862
1117679 0.138258 0.117306
1920637 0.248345 0.143325
1678613 0.213658 0.155568
1342173 0.168263 0.135111
1415113 0.178800 0.113484
1151662 0.147161 0.085605
1525034 0.191058 0.143700
1096670 0.136550 0.095294
1441083 0.177695 0.160147
1967142 0.249280 0.208584
