1269183 0.153966  0.150388
1512041 0.183560  0.123815
1189704 0.144689  0.089744
1078161 0.134224  0.121602
1052456 0.127056  0.119842
1128399 0.137343  0.117916
1022223 0.128313  0.085882
1147557 0.137691  0.123189
1267176 0.151773  0.146521
1786905 0.232083  0.225636
1636852 0.207461  0.198102
1492067 0.189325  0.192184
1582454 0.196580  0.119248
1295509 0.160782  0.156353
1873464 0.227734  0.195989
1123386 0.134938  0.129928
1325539 0.161095  0.125885
1726174 0.219225  0.202589
1257453 0.157289  0.151938
1491639 0.182843  0.181281
1974079 0.249241  0.183441
1719459 0.212661  0.223152
1502788 0.182932  0.183218
1719150 0.210944  0.141485
1555288 0.194456  0.140431
1067353 0.132105  0.125067
1194662 0.152441  0.146075
1384176 0.176559  0.153886
1209853 0.158277  0.116833
1201997 0.144400  0.142485
1477558 0.177251  0.222920
1346211 0.165358  0.155956
1360554 0.170597  0.167545
1803071 0.221581  0.192172
1526208 0.186869  0.174217
1684949 0.208776  0.158263
1189328 0.142127  0.102207
1091429 0.131163  0.116340
1532811 0.186981  0.167869
1264752 0.154192  0.124449
1807102 0.222443  0.176150
1327361 0.164957  0.124053
1211154 0.146299  0.110650
1716497 0.211819  0.212919
1367272 0.167821  0.150429
1784385 0.227106  0.178851
1096029 0.131535  0.114752
1862584 0.231196  0.176290
1858724 0.229129  0.189617
1236749 0.156239  0.158790
