1718020 0.242296 0.253006
1793791 0.284471 0.249605
1071339 0.149349 0.241684
1365242 0.191309 0.273075
1750926 0.264322 0.282313
1948318 0.272320 0.282949
1180186 0.163858 0.182302
1226809 0.172967 0.160419
1346117 0.188014 0.186329
1474362 0.201183 0.203544
1544144 0.215355 0.243544
1613502 0.228120 0.224956
1118224 0.158871 0.190277
1138344 0.156432 0.163580
1720180 0.252268 0.261964
1950659 0.273727 0.267961
1578627 0.223687 0.246193
1631768 0.229858 0.226564
1910015 0.269200 0.261086
1096817 0.152556 0.167825
1347610 0.188120 0.191307
1612408 0.227412 0.250205
1479661 0.203637 0.222581
1641130 0.226688 0.224497
1069803 0.146892 0.172274
1401271 0.192347 0.211029
1927977 0.273147 0.290189
1502303 0.211059 0.209811
1777439 0.258011 0.256818
1445859 0.199186 0.210958
1749533 0.242863 0.248738
1022296 0.145293 0.147192
1337347 0.195031 0.399626
1004328 0.139121 0.149450
1319341 0.206611 0.179474
1484972 0.211335 0.204647
1084940 0.158276 0.144330
1401685 0.191582 0.186435
1602262 0.223105 0.263250
1791068 0.251762 0.301722
1193801 0.164188 0.183367
1405795 0.192622 0.192803
1491736 0.211135 0.251167
1760093 0.247191 0.268460
1584809 0.222271 0.237944
1735129 0.243503 0.243466
1019180 0.140013 0.159925
1911599 0.267979 0.283840
1746404 0.244514 0.243319
1424841 0.198147 0.199029
