1667708 0.230856 0.273296
1922833 0.262852 0.262168
1996214 0.301874 0.330733
1312595 0.188477 0.244107
1903022 0.263102 0.300908
1881068 0.273277 0.271137
1024973 0.146698 0.147734
1530820 0.221511 0.226091
1593859 0.223237 0.240940
1369437 0.193003 0.221082
1105301 0.153189 0.151394
1011901 0.138072 0.141851
1189098 0.163499 0.170052
1593161 0.223268 0.228608
1701797 0.235832 0.228996
1602437 0.224838 0.231297
1435122 0.203789 0.206368
1845746 0.262642 0.269393
1579376 0.216499 0.288925
1603485 0.228090 0.229098
1286678 0.174573 0.197619
1787363 0.252215 0.257544
1695213 0.241785 0.304685
1537535 0.218869 0.217401
1782645 0.246641 0.251125
1830721 0.265186 0.311660
1786856 0.252947 0.288088
1418652 0.205830 0.191620
1417754 0.201075 0.196737
1047897 0.144565 0.145235
1143285 0.160043 0.170015
1294025 0.177531 0.182360
1905007 0.262248 0.263216
1741109 0.239585 0.242510
1103151 0.153302 0.158669
1909302 0.270127 0.281782
1858312 0.265708 0.273089
1658309 0.231097 0.232070
1179306 0.164217 0.179485
1583389 0.218075 0.231736
1582793 0.223509 0.237184
1308568 0.180767 0.191430
1114018 0.158051 0.162301
1262315 0.242367 0.197654
1679938 0.234130 0.243450
1905541 0.265988 0.262698
1334066 0.184662 0.184951
1753215 0.247407 0.256405
1377269 0.190627 0.220483
1498529 0.212222 0.225398
