1634794 0.202538 0.195703
1066866 0.134098 0.089521
1905476 0.245237 0.181842
1736564 0.220091 0.149572
1044467 0.129719 0.117152
1583304 0.198794 0.126078
1300340 0.166169 0.139458
1853867 0.234927 0.134652
1770603 0.220989 0.160500
1903346 0.238180 0.188260
1601751 0.205237 0.192629
1283854 0.163419 0.116236
1345552 0.169696 0.152850
1945359 0.248889 0.156800
1274751 0.159795 0.152841
1263456 0.158598 0.120890
1963168 0.250699 0.235145
1363470 0.170102 0.154156
1666055 0.211191 0.129542
1336477 0.168100 0.121126
1962521 0.250999 0.222444
1382480 0.170709 0.142961
1984192 0.249968 0.155917
1400427 0.175169 0.110707
1963038 0.255323 0.153265
1064609 0.134870 0.096517
1513837 0.194964 0.170874
1952953 0.245095 0.212435
1413509 0.178715 0.149122
1181713 0.147528 0.135576
1698324 0.210373 0.176205
1057886 0.131878 0.100088
1477515 0.186066 0.147102
1001107 0.125590 0.115923
1816977 0.231659 0.159653
1920624 0.242792 0.153541
1877507 0.236340 0.182807
1988630 0.251278 0.222356
1203720 0.150454 0.134797
1104738 0.138713 0.116221
1380962 0.174467 0.144893
1692593 0.218058 0.118490
1247288 0.158189 0.136478
1758469 0.220159 0.190402
1621825 0.201675 0.151482
1594645 0.199824 0.161441
1085642 0.135862 0.078360
1063703 0.133969 0.068646
1180983 0.151049 0.129199
1546867 0.195805 0.117024
