1028903 0.125982 0.099031
1969686 0.253998 0.247533
1800150 0.233198 0.154878
1984693 0.254875 0.156842
1655471 0.206330 0.183834
1281620 0.158838 0.138457
1806906 0.226835 0.137352
1529250 0.193174 0.149178
1458348 0.186909 0.121590
1619185 0.210564 0.183684
1256120 0.158447 0.113820
1241568 0.152594 0.107391
1508394 0.188434 0.107558
1860267 0.238334 0.233906
1486914 0.187843 0.151591
1859331 0.235315 0.198257
1629657 0.211430 0.143873
1601969 0.202013 0.191524
1521935 0.190670 0.164221
1430850 0.180273 0.099628
1255825 0.156210 0.122703
1678868 0.213377 0.211904
1732618 0.219854 0.192946
1417221 0.179186 0.126901
1638554 0.206056 0.111337
1877436 0.236419 0.276971
1716186 0.214994 0.173790
1943612 0.249451 0.247223
1094250 0.138838 0.069122
1012323 0.126208 0.121492
1070942 0.133142 0.117104
1379067 0.173450 0.148080
1159972 0.144236 0.116091
1168613 0.146765 0.081847
1201825 0.149343 0.093010
1534695 0.195186 0.179255
1528709 0.192441 0.153721
1156716 0.145618 0.142141
1046150 0.133191 0.088285
1822765 0.232399 0.173440
1332118 0.166833 0.133503
1698549 0.214456 0.171441
1354215 0.169704 0.167925
1944432 0.251398 0.244372
1478252 0.187030 0.178650
1311750 0.166451 0.085413
1388843 0.174265 0.146996
1524654 0.192835 0.106997
1427047 0.178762 0.108825
1975800 0.246785 0.224449
