11021513 4.013911 2.093115
15976083 4.286539 2.470075
16135161 4.120329 2.484484
18265636 5.027467 2.880498
17840529 4.637548 2.785615
15842904 4.449138 2.401921
19411866 4.953621 3.105356
17377238 4.542703 2.698779
12892115 3.208374 2.011458
15167242 3.835104 2.393489
14254936 3.584360 2.271183
16136898 4.129672 2.488708
15253339 3.857407 6.071939
18123615 6.966593 3.491767
15120242 4.043092 2.402333
19740138 7.678142 3.555226
14802894 4.219637 2.323013
17415075 4.637295 2.836161
13301378 3.474446 2.059440
15775310 4.142830 2.499328
11595326 2.955302 2.307444
12862745 3.281653 2.013106
10936058 2.804133 1.720818
16498436 4.295635 2.844110
13538956 3.716593 2.185082
14017691 3.957977 2.224543
17337403 4.960764 3.065998
10739090 3.003272 1.733874
10498719 3.021918 1.821925
12875926 3.421728 2.012715
11139692 2.859730 1.770407
15207592 4.162021 2.674336
17338572 4.616992 2.935309
10232742 2.809779 1.663647
11133410 3.023723 1.880172
18908281 5.493054 3.630141
14311955 3.730840 2.241408
15243886 4.441800 2.380937
17694456 5.059387 2.906484
10556289 2.744714 1.607230
13519845 3.487399 2.154014
12208542 3.119555 1.902495
13853974 3.666568 2.206468
17417363 4.755638 2.839421
10253062 2.952886 1.787957
10037880 2.601874 1.552425
12724197 3.366762 1.990541
11702473 3.003144 2.137428
19848728 5.311944 3.247389
17983434 4.783743 2.929700
16367703 4.259101 2.537266
11477717 2.875047 2.308885
18026069 4.848405 2.849197
19068244 5.028543 3.073398
13596455 3.503881 2.152797
14846965 3.894501 2.390855
18657964 4.864181 2.994886
18262781 4.830760 2.881776
18968644 5.032500 3.144940
12077194 3.094989 1.922794
19579772 5.364751 3.165107
18506599 4.881192 3.004404
16700916 4.337681 2.689620
11405211 2.859579 1.788436
15403249 4.017494 2.430635
12049482 3.172535 1.846716
19045133 5.038265 3.108811
15905583 4.084630 2.563685
16137485 4.212029 2.563903
11263389 2.841756 1.765134
13012374 3.406045 2.028551
17007980 4.522033 2.688438
13742000 3.743333 2.139645
15825900 4.187005 2.441271
15520472 4.076193 2.450693
10369711 2.717551 1.607955
16403464 4.257953 2.601613
10483171 2.829628 1.854176
17519465 5.236036 3.211345
19226828 5.771633 3.562516
19760478 5.780009 3.674157
12974908 3.989057 2.088817
14182052 4.195971 2.268976
17525098 4.628567 2.799598
13402636 3.665541 2.300089
17794371 4.737551 2.865279
10561322 2.660561 1.674664
18345097 4.879247 2.891586
13807218 3.582977 2.170020
18028966 4.911577 2.874974
14571461 3.812359 2.249097
15659562 4.093922 2.439079
14987148 4.010195 2.328694
18058012 4.700359 2.924922
15617072 4.095297 2.537376
12104116 3.046105 1.865790
14012867 3.652621 2.176461
16026098 4.306579 2.510972
10476949 2.619267 1.715919
10978681 2.822113 1.674353
14488538 3.776228 2.217849
12238801 3.081939 1.933121
11923227 3.163613 1.829610
15096985 3.941980 2.323024
14487032 3.771539 2.237202
12025366 3.048119 1.943099
18631975 4.960736 2.950066
17155759 4.640919 2.765216
13306547 3.649256 2.079279
18081233 4.727994 2.966838
19570579 5.851838 3.168259
17408849 4.499571 2.827928
14060688 3.621848 2.242317
11903711 3.068934 1.814068
19283069 5.049726 3.109844
18501770 4.787847 2.910547
13767000 3.566478 2.216954
18686068 4.925517 2.993962
19879149 5.162601 3.147926
15368858 3.951920 2.382863
12582327 3.146715 1.955894
16516126 4.237838 2.625812
15605898 4.002787 2.493300
10056493 2.565538 1.515136
19312028 5.038222 3.081162
19070378 4.940719 3.333576
13102838 3.737328 2.014208
17594088 4.644913 2.789056
17917560 4.693468 2.898297
11691513 3.007407 1.780889
14285357 3.683463 2.207970
16533897 4.305683 2.575126
11426236 2.888481 1.825300
13665576 3.501896 2.135309
15002557 4.039096 2.340764
18054295 4.774332 2.995678
11808898 3.002528 1.839295
19577947 5.125254 3.101335
15134742 3.920613 2.346751
12495731 3.146077 1.936158
19680746 5.177609 3.123999
17697510 4.653384 2.802623
17665533 4.553317 2.896657
14033784 3.566075 2.227778
18464963 4.836562 2.930177
12796992 3.250348 2.095406
13813976 3.500693 2.422485
18619247 6.112194 3.091792
16671715 5.325031 2.816559
10430304 2.593268 1.624552
10602156 2.700745 1.646329
11200363 2.860258 1.761805
14291139 3.761488 2.252419
14125658 4.015056 2.332248
10741829 2.776477 1.766476
12218905 3.466223 2.450483
10404886 3.115631 1.658026
18069645 5.225930 3.367256
14705768 4.212600 2.406585
13771414 3.599877 2.202796
15113812 4.182565 2.778328
11572501 3.350595 1.885068
19130587 5.592053 3.880682
11554196 2.950502 1.780848
11994008 3.395094 2.068528
10145375 2.970154 2.018857
17670522 4.771413 2.814719
19663677 5.869508 3.221927
13036081 4.632771 2.869161
11508853 2.961657 1.852149
19166189 5.060137 3.129891
13269101 3.633073 2.122223
11851831 3.155618 1.994501
10669859 2.702654 1.683109
14721421 6.192206 2.784730
19988359 5.716172 3.657592
17124569 5.327362 2.767339
12410967 3.255906 2.048167
19433054 5.769976 3.155693
17338308 4.586991 2.736632
19931494 5.254983 3.210529
11139432 2.863400 1.742251
11386370 2.860690 1.739439
11806459 2.986429 1.764795
11216016 2.809274 1.731951
12128397 3.085144 1.857392
11494658 2.943237 1.783483
19152466 5.145448 3.000143
13220934 3.428157 2.055408
12532664 3.108175 1.954056
10271534 2.610926 1.597020
11087622 2.804698 1.732935
15608372 4.074610 2.486617
18470594 4.815278 2.979456
16561578 4.290671 2.553512
14127451 3.651546 2.200635
15662949 4.091029 2.449292
17451481 4.561393 2.811243
16920277 4.412618 3.319933
15151335 4.042885 2.676259
12179873 3.290721 2.192857
17796985 6.093111 3.343246
17465231 5.234745 3.016828
11540209 3.591747 2.185912
19358416 5.696473 3.447841
15935335 4.727412 3.055167
15360950 4.342820 2.418475
11723668 3.465997 2.101743
18699641 5.064363 3.434497
18721281 5.376831 3.296364
15210433 4.056418 3.231804
19338687 5.739991 3.446454
10935903 4.085304 1.735362
12357815 3.132067 3.124580
11545265 3.583433 2.231643
18792532 5.801150 3.243165
12454611 3.208182 1.934078
12385456 3.142472 1.965649
10383808 3.026773 1.707905
16219624 10.121928 4.074425
10892713 3.390598 2.001656
15499034 4.560871 2.795019
16788031 4.867175 3.143842
10712958 3.331694 2.060703
12866978 3.861701 2.451892
12637502 4.674711 2.062403
18480603 6.000612 3.495095
15402891 4.593975 2.706347
12714419 3.855514 2.215922
15460190 4.498449 2.943315
11699597 3.447955 2.053833
14058155 4.382133 2.797380
18093956 7.008361 3.155451
10273525 2.876603 1.749039
11877871 3.929895 2.156263
14367267 4.143126 2.429936
15360606 4.808911 2.817871
13760665 4.183775 2.740598
15726002 4.829373 2.964518
13705561 4.165446 2.787234
19205457 5.782324 3.134515
11325233 2.920860 1.743313
14488088 3.773692 2.251237
18019868 5.666218 3.515004
18246942 6.092570 3.132310
15044486 4.252594 2.482438
17728646 5.979852 3.975997
17652198 5.697075 3.650183
17062944 5.691064 2.748195
18120177 4.769409 2.948266
