12407436 3.174665 1.429483
18311256 4.892136 2.317282
10406851 2.591112 1.296565
17660195 4.588233 2.356506
13565023 3.539949 1.568448
11970198 3.106666 1.349528
14777680 3.868780 1.727936
15739242 4.125701 2.401718
15069383 4.659539 2.085879
12747945 4.330601 1.623828
13932727 3.821935 1.680975
15017592 4.777988 1.757445
15308512 4.430400 1.798228
11557619 3.757750 1.576287
13787623 3.563107 1.628940
13439173 3.527814 1.525454
14730393 3.875107 1.676859
13455565 3.482901 1.549752
18256652 4.878587 2.354370
14602086 3.835988 1.773097
11149019 3.179856 1.443911
19356881 5.156241 2.225096
14124842 3.727281 1.693939
13396587 3.675243 1.580049
11194343 2.876801 1.382206
16611264 4.367334 1.939771
12516178 3.239585 1.405222
14809504 4.519827 1.691425
10092960 2.543378 1.108031
10706426 2.741852 1.220471
17412832 4.532377 2.235795
18951916 5.050894 2.153740
16569421 4.330380 2.071710
15125876 3.969509 1.699623
10945843 2.789261 1.391045
17761734 4.732035 2.334550
10840927 2.722675 1.231928
19745760 5.145071 2.344705
19255703 7.771896 2.841990
10187728 2.741232 1.341960
16846953 4.611810 1.960958
14901201 3.965072 1.692934
11674884 2.946970 1.350669
13666008 3.572763 1.623882
12953238 3.478640 1.477269
14933301 3.966714 1.703714
19364542 5.130757 2.291602
15871998 4.083368 1.852703
11443246 3.002250 1.280353
12529864 3.146473 1.593583
19766826 5.413513 2.285467
12227477 3.126501 1.565849
12348900 3.116579 1.583844
17976702 4.725526 2.225157
10153700 2.724694 1.152042
19187776 5.478573 2.588246
10838334 3.028858 1.353726
11341419 3.132308 1.578396
15656119 4.097099 2.030257
19017206 5.146069 2.295597
19688379 5.210964 2.384439
16100784 4.289705 2.055508
18781161 5.087829 2.678608
12237258 3.195876 1.407195
12793918 3.359815 1.551842
18688644 5.131723 2.175512
15314358 4.129478 1.954577
19673980 5.165467 2.346088
16765920 4.425999 1.990387
19135829 5.144015 2.258558
18463561 4.814428 2.314832
13577052 3.443114 1.587501
16291411 4.188126 1.929342
16394196 4.254452 1.930550
14150174 3.591143 1.646385
13881399 3.652160 1.631951
13905693 3.727946 1.720412
11767216 3.038767 1.372440
14489654 3.743011 1.692208
15668715 3.993699 1.815974
16413891 4.279400 1.948055
15376454 3.940109 1.814145
13369249 3.492238 1.646855
17064209 6.498985 2.109244
16500814 5.461780 2.041053
19041332 6.310012 2.729811
10986136 3.452253 1.516885
19142069 6.298890 2.360183
14517749 4.800399 2.050879
14041391 4.525560 2.012028
10191003 3.243601 1.437575
10375120 3.243513 1.177461
18343057 4.781828 2.188828
17447763 4.610916 2.133723
12042583 3.015374 1.400994
19250729 5.128000 2.596657
16142324 4.288037 1.833976
17998942 4.778688 2.089601
11252423 2.902910 1.468428
16146909 4.236769 1.813997
17981523 4.793110 2.358721
13226119 3.471447 1.555815
17343521 4.631342 1.984222
14451894 3.791399 1.611365
10230559 2.527750 1.173914
12294876 3.185832 1.423148
13076523 3.332493 1.506388
19627495 5.242921 2.224698
13464951 3.538225 1.592159
13577144 3.458576 1.745640
19021294 5.039453 2.184589
18618443 5.142172 2.168748
13882832 3.698478 1.573423
14945997 3.944227 1.699273
17651191 4.722850 2.039319
13843977 3.660373 1.600212
13170274 3.441942 1.527743
13499622 3.501268 1.554958
14707042 3.757352 1.706553
11363651 2.953949 1.356693
13220114 3.355173 1.533839
10723705 2.771050 1.234574
19068174 5.117972 2.218308
14978703 3.929851 1.709566
13849136 3.640851 1.545124
19485643 5.167310 2.272717
10296892 2.644844 1.236354
14054180 3.671673 1.623077
19309125 5.149942 2.207850
15553003 4.095177 1.755151
18345738 4.861123 2.147450
15544129 4.017829 1.801222
15943243 4.166485 1.840066
17778287 4.630019 2.077607
16601014 4.294961 2.197057
10954992 2.822499 1.239646
11089379 2.924198 1.264046
17441173 4.605618 2.330268
15558024 4.067061 1.815912
14649827 3.851877 1.910386
12146820 3.082057 1.406001
11543691 3.000124 1.315085
19687683 5.267979 2.369556
14567846 4.770725 1.999009
11736265 3.202920 1.677506
19618509 5.405123 2.291823
18906292 4.913789 2.206553
13695443 3.537622 1.568639
12938100 3.280434 1.503617
15119485 3.952753 1.936190
19005774 4.968677 2.188949
18258720 4.851016 2.400457
15887273 4.125688 1.822261
14089792 3.609622 1.602562
11339840 2.910576 1.272592
13428980 3.448872 1.569280
17437581 4.577215 1.980701
16257162 4.181872 1.939584
14393401 3.703709 1.850730
15104174 3.888782 1.739053
19615097 5.172193 2.279840
14298742 3.697369 1.669016
10455086 2.608056 1.184981
12760237 3.238135 1.436465
15684499 4.117456 1.775737
12775537 3.239821 1.461810
18730850 4.869702 2.196387
12437811 3.092381 1.639320
15900087 4.099174 1.832492
11886750 2.987748 1.346733
11737726 2.934306 1.338729
10235735 2.575542 1.169445
19542881 5.157257 2.266594
14945755 3.850345 1.696228
18426640 4.983665 2.196535
18094931 4.705619 2.180249
19674873 5.263421 2.320644
10202068 2.578238 1.143404
14401227 3.666457 1.672333
14753741 3.756482 1.703292
15768310 4.052947 1.813350
13744517 3.545428 1.569953
16735880 4.315001 1.919983
18026071 4.728981 2.091420
13715983 3.516741 1.581870
14066732 3.626566 1.574907
19682738 5.242864 2.297024
19215063 4.999138 2.286238
11939456 3.009412 1.363085
12791841 3.833118 1.453831
10181176 2.543484 1.147011
19025275 4.939765 2.206977
11579688 2.893594 1.413078
15253355 3.977460 1.764421
14934540 3.882312 1.907757
13015807 3.331326 1.651955
15413497 3.958816 1.783651
19847332 5.206987 2.322368
11408972 2.880865 1.313913
14872433 3.765349 1.684879
13186401 3.400968 1.511120
18662190 4.811051 2.174838
15756452 4.007814 1.790342
10294220 2.591593 1.302676
11232489 2.846565 1.275523
16117629 4.451036 1.874205
16951627 4.371248 1.967141
12486172 3.189415 1.384003
12537743 3.169662 1.437347
15475728 3.939757 1.785860
17147408 4.448738 1.987825
11884298 2.996687 1.352049
18458472 4.884489 2.159846
19425219 5.075636 2.502048
10766517 2.673933 1.224684
10790970 2.742080 1.247228
13413498 3.485188 1.558961
19912648 5.251431 2.592921
11536090 2.901168 1.329145
16778598 4.327176 1.946431
13896374 3.533710 2.059966
11705418 3.616663 1.610350
19321714 4.971378 2.278934
14410465 3.616322 1.634735
15546013 3.877639 1.768011
12798300 3.235532 1.626717
17909791 4.655881 2.079259
19762940 5.067615 2.301956
12876584 3.203453 1.455788
13034969 3.331473 1.448315
15699097 3.966655 1.738856
16103438 4.140857 1.807668
11796391 2.926930 1.343576
16625036 4.215701 1.930480
11531560 2.880822 1.266884
15828805 3.994311 1.753924
10060587 2.495352 1.121033
14911332 3.771808 1.681915
19889726 5.127075 2.314536
10686246 2.636459 1.218874
18770206 4.818958 2.162856
18862458 4.829449 2.159320
17849364 4.577392 2.083745
19051943 4.929225 2.281944
19523127 5.024824 2.230669
16570309 4.171998 1.858432
18184750 4.767431 2.078019
16064725 4.059381 1.834764
12668416 3.130757 1.421334
14614324 3.719722 1.756080
