13388149 3.458103 2.374776
10525854 2.634581 1.682467
18577853 4.776624 3.108405
15633010 3.952578 2.547860
17398958 4.430744 3.163213
11173194 2.820145 1.866757
19280821 4.928415 3.535216
15666377 4.025783 2.792342
14494357 4.188073 2.606968
16942339 4.390771 2.805825
19538221 5.043877 3.252029
14126917 3.577803 2.273285
19199947 4.997930 3.216278
11938823 2.991909 1.888394
11014526 2.744776 1.760034
18849519 4.794605 3.068896
10275002 2.566272 1.682295
14568959 3.761537 2.323059
11170937 2.772389 1.850189
18587496 4.751240 3.362304
10906952 2.760793 1.847605
11626117 2.956448 2.053401
12152586 3.143911 2.109293
14746327 3.785214 2.425841
18168957 4.801115 3.064221
18359913 4.727093 2.997430
12741608 3.162656 2.040999
14608676 3.738984 2.409606
13952622 3.541820 2.321084
19463570 4.969699 3.230639
14046564 3.596063 2.256688
12004570 3.019028 1.958933
11063848 2.748402 1.766453
16961793 4.313069 2.736109
12776657 3.166266 2.037684
10166183 2.594657 1.608344
15338648 3.854952 2.463485
11562919 2.879186 1.902484
14095805 3.675151 2.331745
10106437 2.466199 1.634261
19842795 5.108472 3.242155
19089664 4.931583 3.102703
11517227 2.918501 1.814976
16825104 4.348812 2.824417
14187383 3.635824 2.299142
11540265 2.849760 1.879762
19951269 5.147439 3.368935
14707739 3.758571 2.371157
13257524 3.312755 2.131773
16978613 4.311444 2.781435
14825126 3.708622 2.365038
13099376 3.288055 2.171222
13033428 3.336368 2.138377
16088067 4.206141 2.627055
19687730 5.044377 3.291840
19335443 5.052002 3.263902
11735241 2.959325 1.885258
14172437 3.534689 2.262090
18869819 4.858782 3.091460
15010127 3.846089 2.417930
12509716 3.058855 1.973210
18007069 4.642074 2.903465
12984541 3.216942 2.082346
16428275 4.130207 2.607013
14954818 3.755152 2.431396
11977890 3.016912 1.930947
18710085 4.866553 3.114249
12177507 3.074417 1.984957
14865949 3.863264 2.462855
15675970 4.002545 2.544240
11641542 2.859843 1.839307
16967699 4.362443 2.833304
18293552 5.776587 3.323044
17710047 4.596754 2.879806
11321478 2.782731 1.851011
11082129 2.829837 1.748829
12331646 3.077674 1.985958
10608468 2.689784 1.665528
16666760 4.238646 2.670380
19852436 5.142831 3.311960
17348044 5.936520 2.866948
16159370 4.188456 2.623144
14915817 3.846978 2.482708
12211485 3.181635 1.955977
15437792 3.859789 2.479357
16986239 4.372338 2.761681
16777941 4.362630 2.712563
17521139 4.560826 2.893165
11114376 2.808346 1.759199
16907024 4.385667 2.802007
15237015 3.936356 2.452934
16453852 4.186887 2.666254
19135824 4.958490 3.187189
13952675 3.548778 2.286186
11239659 2.823571 1.817020
17199492 4.489541 2.809762
14409315 3.651820 2.350540
15480408 3.932850 2.520327
19608142 5.216012 3.269218
17930629 4.595226 2.946140
11961126 2.968956 1.938635
16787521 4.268981 2.700774
15368913 3.946583 2.530568
19320830 4.979632 3.148037
15344754 3.954082 2.480868
10781347 2.627782 1.776016
11123845 2.808769 1.787327
10524891 2.623874 1.688243
19872498 5.116713 3.309726
10687148 2.679419 1.693638
17276062 4.483926 2.915943
14950493 3.849017 2.441031
15938317 4.107967 2.564955
13878393 3.552077 2.232062
15106320 3.880940 2.458080
16289576 4.222109 2.664438
15494919 3.992197 2.515053
14595141 3.761583 2.392803
13191802 3.332726 2.148219
13257959 3.317924 2.174283
18964584 4.874134 3.120093
16962296 4.441886 2.807349
15044318 3.865596 2.438955
10200474 2.491065 1.648747
19592021 5.071789 3.208790
16931818 4.370285 2.775294
14247581 3.684086 2.309063
17410215 4.523663 2.838794
13239234 3.400858 2.165649
12377777 3.048785 1.982389
10329195 2.600960 1.638200
17578551 4.563564 2.920804
10653383 2.595460 1.714181
15743493 3.966167 2.547181
17513379 4.493832 2.812713
10752826 2.680783 1.744137
14141279 3.638229 2.282071
12339173 3.030346 1.965344
12699450 3.176981 2.084589
16699990 4.232836 2.762635
11454011 2.893868 1.814495
14867976 3.765825 2.428069
12871583 3.207595 2.160656
16398323 4.147082 2.726431
11766378 2.979439 1.901570
11129552 2.737911 1.784404
13542145 3.458816 2.248866
11713025 2.958623 1.874801
14737704 3.680637 2.371762
10326999 2.589480 1.626433
12374240 3.022214 1.994258
11623515 2.925500 1.898146
18856311 4.834257 3.083145
17990140 4.581225 2.937685
18842808 4.935298 3.174726
18187328 4.673139 2.960674
19227518 5.006263 3.185605
11772050 2.945390 1.867877
16048000 4.015656 2.599978
15676688 3.945819 2.561463
10402540 2.595195 1.655252
16672027 4.263110 2.679941
12838699 3.270526 2.066906
14879060 3.775343 2.405349
13458397 3.349109 2.207949
17963976 4.700801 2.886621
15121192 3.874540 2.434257
14869006 3.737991 2.408290
19938831 5.234047 3.307815
12390104 3.165392 1.984069
14321891 3.634696 2.298701
12917375 3.223227 2.130085
19653993 5.058362 3.185188
11169372 2.741563 1.839200
14743144 3.767738 2.476661
16347682 4.163177 2.680835
18625489 4.723549 3.033637
10495151 2.593607 1.680675
13953989 3.617070 2.212711
11142501 2.740776 1.805832
10858204 2.731507 1.772251
16297852 4.152531 2.639669
10565364 2.607179 1.670668
12208846 3.071986 1.971783
14812455 3.724177 2.385534
12071378 3.013833 1.957761
19815271 5.080618 3.208133
13870615 3.476017 2.267707
16032925 4.018045 2.615640
11923393 3.001309 1.908083
17932247 4.615043 3.036058
15007163 3.834046 2.426031
10896268 2.824465 1.711531
17744612 4.706777 3.031999
18625937 4.774361 3.444506
14712512 3.694543 2.673271
11548441 2.930490 1.843409
19054126 4.875948 3.119738
18057384 5.007891 2.932777
14762928 3.828164 2.377482
17583166 4.601091 2.881517
16101342 4.131041 2.638078
11050604 2.747282 1.823523
18523050 4.790384 3.052399
11792409 2.905687 1.880859
16384022 4.112681 2.673726
18517401 4.790305 3.062542
15459881 3.992895 2.528116
13340929 3.472518 2.185089
11312314 2.818686 1.835412
12661293 3.210059 2.057227
13107399 3.606634 2.105063
10979642 2.821384 1.816531
12899821 3.465122 2.142836
17981905 5.285251 3.142546
17603951 5.395336 3.131217
11385495 3.278349 1.947253
11498363 3.400271 1.937074
14020960 4.386447 2.540577
12577971 3.663834 2.170535
13647876 4.051449 2.389587
12099851 3.610655 2.044919
13006802 4.056919 2.311431
13859584 3.976029 2.413188
15045220 4.739751 2.674826
18659371 5.685465 3.324722
11264709 3.086377 1.930107
19516978 6.113853 3.572021
18734302 4.958693 3.220177
19924226 5.105846 3.626515
16516551 4.253469 2.893311
19557013 5.056274 3.231422
11498418 2.901233 1.852627
14942901 3.811512 2.362083
12453488 3.068383 2.016874
15078023 3.808230 2.480205
11385859 2.874900 1.821171
14100664 3.572780 2.299092
13483587 3.373933 2.212056
18085362 4.660110 3.066531
19143504 5.051334 3.206934
17531514 4.486317 3.165333
15216353 3.821585 2.712604
11335105 2.860238 1.937527
10429904 2.549549 1.844941
10804206 2.713740 1.713676
15559425 3.968920 2.558772
16061649 4.198572 2.608084
18467066 4.790500 3.058076
11111334 2.837391 1.759441
