11766931 3.015193 1.404653
18937284 5.055228 2.171020
11676133 2.944521 1.368025
15540062 4.015233 1.816131
17846485 4.674671 2.121686
14773535 3.795383 1.729821
16532457 4.323830 1.956068
10785177 2.748325 1.232177
13319354 3.463553 1.546330
10249199 2.605142 1.189102
18105528 4.775327 2.167048
13694918 3.537208 1.604997
13431925 3.549481 1.541304
15479768 4.107061 1.775951
14297484 3.754276 1.665550
10824796 2.803777 1.275124
12352131 3.224740 1.427832
10123120 2.589482 1.138322
13946262 3.611635 1.616427
15321591 4.024153 1.792178
12231105 3.062040 1.455578
13540498 3.578150 1.548026
15390381 4.077461 1.796830
19039536 4.987225 2.270992
17428500 4.589068 2.098831
16397540 4.322573 1.901553
19079225 5.055111 2.262098
16563700 4.250087 2.138326
18839542 5.188896 2.189076
16412356 4.404585 1.898868
11587792 3.007861 1.415743
10338151 3.574730 1.151663
16719690 4.328880 1.937003
12480278 3.178595 1.417725
11950518 2.995507 1.393898
12498259 3.147823 1.430289
19290399 5.044458 2.268484
17581039 4.605345 2.054204
11505698 2.903807 1.298314
12909126 3.237952 1.529115
15686022 3.950050 1.837301
14798825 3.753584 1.706304
19317128 5.044805 2.325138
16712723 4.509776 2.282235
12954961 3.273019 1.474502
15933034 4.106615 1.823737
11062594 2.766915 1.275628
11608039 2.935162 1.322878
17906826 4.678788 2.115318
16742785 4.332909 1.899119
14840965 3.795164 1.696226
14988752 3.835672 1.712252
17619893 4.605257 1.997941
13065757 3.378377 1.506290
11937720 2.992929 1.347701
17086439 4.397238 2.016491
14030898 3.594517 1.725162
14597167 3.766395 1.686854
18121493 4.716732 2.163132
10962594 2.737537 1.276945
10198402 2.565240 1.168048
11261903 2.804267 1.295707
14428116 3.905068 1.666633
14725277 3.746137 1.676350
10091047 3.621983 1.708635
16716352 4.866512 2.653153
17521604 5.753938 2.274695
18455660 4.835370 2.211510
18446619 4.889704 2.117159
12431743 3.145977 1.439503
19012119 5.015783 2.198856
17056360 4.515616 2.132952
10176344 2.562079 1.144911
14574094 3.666385 1.654592
16626788 4.258710 2.021092
15147524 3.834373 1.851663
10295313 2.578262 1.140368
10384641 2.582011 1.210372
14136852 3.606259 1.638585
16886517 4.424561 1.929659
10988760 2.762364 1.271047
12477119 3.164907 1.388016
19342115 5.111782 2.247097
15212873 3.890894 1.763454
16238253 4.150019 1.845747
18348346 4.713474 2.365333
14527862 3.658061 1.669650
11000295 2.812691 1.227891
10717683 2.618503 1.206423
12939960 3.293746 1.468751
17402246 4.572858 2.018615
11322012 2.834237 1.398025
16598089 4.229097 1.964960
18069809 4.727145 2.108199
16028470 4.099319 1.805754
18558317 4.851503 2.162710
15578997 4.010717 1.838363
15429301 3.986639 1.781178
15593146 4.017543 1.791485
10130927 2.525498 1.157294
10657295 2.670201 1.262507
15993900 4.085409 1.988694
11730761 2.953290 1.363750
14081013 3.591746 1.610964
14231701 3.644896 1.666363
18648630 4.855620 2.111811
10716177 2.624353 1.234309
13961939 3.638074 1.554708
16988991 4.927348 1.953761
14291727 3.678467 1.629812
15386997 3.968033 1.748478
17710456 4.702026 2.156620
15693077 4.202615 1.769266
11528493 2.901239 1.317338
18947409 4.978541 2.234132
15723251 4.077040 1.791041
11461518 2.875160 1.312160
15242209 3.829173 1.744162
11987522 3.041481 1.333292
15024820 3.839881 1.691233
18561800 4.844211 2.217660
17425497 4.477738 2.044610
18354804 5.823308 2.380520
17552086 4.570684 2.030822
10570328 2.649480 1.180847
14936246 3.834214 1.756552
18484814 4.801811 2.302313
19266979 4.978567 2.280293
16534099 4.174833 1.973098
15442708 3.976398 1.793874
13368389 3.388037 1.533047
18454180 4.728323 2.226591
13769494 3.542080 1.625700
16950767 4.320061 1.998109
17310592 4.456373 2.034809
19499479 5.128814 2.275415
13089183 3.316201 1.514033
13380206 3.383100 1.520066
13541816 3.468520 1.614457
16264335 4.161887 1.877548
19529680 5.013244 2.419666
12948604 3.605238 1.544987
16216856 4.103236 1.916580
17965330 4.676016 2.158516
16410861 4.330823 1.878336
18001691 4.675294 2.094826
11727945 2.943385 1.317881
15694291 3.981392 1.794608
12661666 3.203626 1.412994
11664352 2.912500 1.312973
11982360 3.045401 1.335132
10375544 2.526602 1.235592
16010902 4.140927 1.820304
16932347 4.353271 1.956535
16139802 4.087584 2.010143
11508113 2.930969 1.289764
19810417 5.127349 2.364012
14773800 3.716667 1.700286
14317955 3.698413 1.614436
18257519 4.809105 2.144527
16132590 4.043287 1.864993
11712141 2.982725 1.322674
19881536 5.135897 2.307100
18897253 4.859767 2.156689
17052011 4.417197 1.930132
16387360 4.251396 1.908029
10350540 2.540823 1.164757
16505531 4.320212 2.042947
19245355 5.040898 2.190517
15919549 4.093799 1.779715
11517350 2.827981 1.295828
19330861 5.020416 2.266165
16745038 4.303673 1.876626
13614940 3.468044 1.548301
15377039 3.900390 1.737518
12447042 3.164434 1.393129
19468982 5.014157 2.293920
10833584 2.766735 1.204509
11840491 2.927183 1.349965
16615011 4.266708 1.947736
15318027 3.996931 1.790129
12949190 3.317037 1.452203
19179571 5.077601 2.238021
14589713 3.690115 1.684800
11837593 2.994600 1.342506
14609134 3.700520 1.728622
11243704 2.858131 1.268963
19512644 5.078370 2.302810
18222556 4.732160 2.138498
15617027 4.024581 1.851517
12068710 2.999732 1.364940
14155579 3.676442 1.588226
15290734 3.954615 1.723785
11519121 2.857814 1.290143
14505396 3.708911 1.676771
13313504 3.425872 1.515494
11542374 2.833578 1.308898
18578969 4.777792 2.196657
15335243 3.917866 1.771844
16801345 4.326248 1.987289
15833084 4.041425 1.855929
11254574 2.796999 1.305357
16218641 4.149552 1.910782
14723273 3.795558 1.695321
14536849 3.716715 1.645742
12061067 3.050281 1.377064
18642516 4.767997 2.265874
18016591 4.708163 2.087349
13303732 3.535576 1.738611
19935428 5.231766 2.313103
16946341 4.351910 1.938939
10790607 2.709417 1.277237
12691159 3.155338 1.443263
18270849 4.709997 2.119091
13040359 3.307887 1.618241
15486481 4.033736 1.777670
14014699 3.579103 1.590409
12091296 2.980020 1.550781
13087392 3.390402 1.492451
14853726 3.873785 1.732467
12345381 3.084067 1.457251
15153896 3.849629 1.777262
15501784 3.902880 1.805640
11455226 3.147079 1.513374
15883108 4.123585 1.804986
19380011 5.067042 2.236103
16023955 4.059970 1.853965
14436734 3.638109 1.886712
13897220 3.594054 1.585642
16721195 4.301234 1.908051
19429294 5.094466 2.303041
15778692 4.051277 1.887430
15101164 3.835656 1.703550
11635137 2.944510 1.294034
10881733 2.685947 1.242477
16204541 4.107664 1.925296
12741157 3.229618 1.471538
17109336 4.589643 1.931137
15223720 3.908639 1.749481
19852168 5.123730 2.368772
11201804 2.923381 1.256338
13051473 3.270571 1.503003
15808577 3.962613 1.799745
11858587 3.069436 1.323889
16428850 4.229548 1.830777
12096189 3.012129 1.366012
10555070 2.638958 1.161079
10603023 2.615864 1.204149
10689842 2.665854 1.225209
17825863 4.592987 2.112129
