12062630 3.006669 1.765573
13267038 3.457046 2.164230
19973538 5.310001 2.353208
10067211 2.494821 1.141101
16499966 4.228113 1.932337
18673193 4.747282 2.272940
18165432 4.695138 2.098286
13805220 4.107704 1.622314
14623211 3.646582 1.762997
16079357 4.025824 2.232866
10065670 2.567599 1.162252
18065625 4.674930 2.096188
11642116 2.919968 1.347546
12136444 3.029046 1.380848
12768827 3.222837 1.487265
11047085 2.739926 1.255393
12521132 3.203637 1.482703
16527580 4.168105 1.946810
10212935 2.522162 1.149737
12325185 3.036262 1.506165
15270018 3.853713 1.787949
16572527 4.210391 1.978550
18155842 4.650979 2.131988
18834020 4.894065 2.213111
18652887 4.919987 2.220280
11745215 2.975252 1.337201
10057687 2.462886 1.131160
12512854 3.103605 1.440498
16320295 4.133760 1.994153
19578810 5.136936 2.303833
10503318 2.572898 1.317893
13486085 3.374299 1.568072
18921186 4.778318 2.320566
10282352 2.579276 1.145158
14485758 3.733009 1.677962
16158252 4.060119 1.888196
18012332 4.661959 2.103018
18083740 4.693587 2.098102
10550646 2.590234 1.277069
12595889 3.136271 1.424236
13298679 4.146043 1.550482
15080313 3.781422 1.769663
18500821 4.827292 2.153700
13099200 3.267920 1.535021
11845916 3.264305 1.345520
12168126 3.053616 1.414312
17446763 4.478174 2.047723
15299666 4.013333 1.790298
15273254 3.884746 1.809944
19467071 5.097169 2.262737
16654225 4.403855 2.028296
11728235 3.008918 1.408741
17445654 4.505076 2.005131
18087538 4.719210 2.089615
19156220 4.889037 2.318525
19547796 5.092375 2.245785
19482612 4.990732 2.338855
11975146 3.029384 1.366781
11641990 2.857394 1.349484
17958071 4.548191 2.216192
16918894 4.279178 1.994656
11051723 2.736197 1.248484
18221546 4.678075 2.141648
11339102 2.876702 1.313874
12043820 2.943881 1.396294
19042598 6.230571 2.620269
13137355 3.379205 1.507970
13499931 3.398514 1.568704
13696894 3.398955 1.592154
11945917 3.028609 1.344058
16089600 4.139301 1.831756
19377334 5.029406 2.362153
15885874 3.982349 1.864456
16319734 4.110339 1.907339
18039130 4.583655 2.333969
12990774 3.246539 1.501642
15374984 3.931361 1.772557
16574177 4.216952 1.943438
12274843 3.039812 1.417971
18558729 4.779652 2.159394
16933872 4.367979 1.929703
11670385 2.877285 1.425300
16621894 4.544092 2.036292
19871908 5.151792 2.304811
16796905 4.286965 1.950627
13988598 3.605388 1.598248
16815861 4.341389 1.920315
13253203 3.331959 1.554085
11221372 2.778535 1.273491
11511503 2.828104 1.381519
16020801 4.006046 1.896348
18530137 4.713217 2.199616
17932856 4.672321 2.085962
11950196 2.953478 1.463626
17796416 4.544272 2.096415
17996504 4.672555 2.054616
15667738 4.094267 1.798086
19504551 5.071076 2.306356
10494557 2.603924 1.203038
14047234 3.498470 1.759646
11137988 2.809268 1.301555
15626791 3.923797 1.828708
18996324 4.905163 2.174138
12786534 3.172452 1.473029
12508368 3.068178 1.425780
12200754 3.014448 1.412052
12210493 3.007109 1.412044
15533818 3.993849 1.773069
15939995 4.107612 1.827018
15137353 3.874000 1.739693
11323755 2.761541 1.292057
14800390 3.760395 1.704522
17905050 4.556663 2.178442
18044481 4.633947 2.106449
14042044 3.503549 1.642418
16224682 4.040894 1.914774
17203910 4.339823 2.108053
19937536 5.181900 2.323577
14077327 3.619976 1.601026
16942684 4.381467 1.954224
17428532 4.505889 2.012738
16466193 4.220623 1.905882
16228148 4.156761 1.889398
19936369 5.086340 2.360169
10109775 2.521560 1.138124
19320116 4.987682 2.292617
17227862 4.359063 2.115548
14177398 3.553155 1.623752
10808921 2.671161 1.241896
16866259 4.265652 1.961923
19848599 5.213401 2.317944
11863534 2.940114 1.371503
16412146 4.136103 1.904373
10834308 2.681882 1.218862
13826019 3.462819 1.601451
13223830 3.290816 1.547726
19649305 5.012683 2.332132
11012434 2.706337 1.253574
19108246 4.865131 2.385769
12356355 3.063996 1.397258
19734303 5.920012 2.572887
11788672 2.912219 1.334727
17502088 4.538069 2.064695
10993110 2.723159 1.262407
17433326 4.454505 2.021007
18775648 4.855280 2.163736
11642856 2.892051 1.348091
18094228 4.650382 2.087871
10177412 2.513375 1.143123
13838049 3.979306 2.996952
17683428 4.615469 2.514644
19499889 5.000943 2.400874
19022683 4.975507 2.544562
19424765 6.691240 5.526162
12421627 3.504347 1.880386
14251323 4.105468 1.731255
15733446 4.032504 2.068537
12408240 3.084727 1.482048
14861992 3.718907 1.746119
10915007 2.751598 1.251668
19334148 5.112094 2.347129
10337016 2.558583 1.202910
13022758 3.332759 1.505381
17549851 4.549278 2.060552
15481460 3.894625 1.807441
14751328 3.768682 1.676244
10665355 2.651741 1.242848
10962902 2.739755 1.335374
17668718 4.573321 2.272284
16154929 4.134502 1.886084
15753724 4.092898 1.810255
14639264 3.813715 1.669367
14470854 3.653175 1.693561
17325105 4.506828 2.139406
17159839 4.454618 1.992074
14187701 3.612692 1.652514
14742515 3.729206 1.741634
12710066 3.152292 1.493720
14859860 3.796411 1.689036
10661222 2.634377 1.231413
19637939 5.098271 2.306023
11903668 2.927988 1.703515
18280907 4.691662 2.205680
10307641 2.544315 1.148302
13759513 3.492282 1.601138
14110639 3.566318 1.675068
16205905 4.136036 2.445578
16567029 4.212318 1.963296
10412974 2.559575 1.165582
13057447 3.339352 1.564163
17877189 4.692431 2.062374
14140701 3.764753 1.653457
12600530 3.204032 1.473947
16831572 4.310247 1.983792
16758847 4.309477 1.949426
13769419 3.507479 1.683320
13552888 3.517362 1.583552
17253477 4.408432 2.049994
14998961 3.779804 1.774636
16362244 4.209682 1.913833
15413284 3.897755 2.554164
17018583 4.338631 2.063833
15057088 3.880302 1.773671
16075924 4.039864 1.928400
19200945 4.974681 2.257012
15910861 4.090335 1.836908
17690625 4.587325 2.130109
17803445 4.567163 2.156569
13421237 3.388068 1.566255
18739511 4.860751 2.295062
19664399 5.223575 2.697383
10485073 3.638888 1.490292
13757485 4.123660 1.602662
16251701 4.222810 1.856954
15966847 4.098386 1.841934
14948911 3.794694 1.746110
12766839 3.181163 1.502666
12896062 3.283873 1.476098
14690135 3.820683 1.752066
12292533 3.080956 1.455913
14706525 3.768130 1.742985
11391023 2.870312 1.319080
18739600 4.870496 2.174669
19965997 5.268205 2.408206
18984879 4.915977 2.198428
10671740 2.604315 1.246673
16411059 4.116144 1.929125
13107519 3.351380 1.511490
15182784 4.035497 1.737697
15334915 3.922885 1.788968
10701415 2.626666 1.262246
11186795 2.784784 1.330564
15858442 4.002324 1.898230
16737684 4.391306 1.954715
14609739 3.727872 2.108489
16240685 4.137044 1.927867
15851712 4.109478 1.875248
17029198 4.366016 2.004392
19741220 5.158541 2.356227
16078905 4.055858 1.890057
14311195 3.659652 1.689860
12452143 3.137825 1.472502
18376354 4.938556 2.125153
16346442 4.200055 1.878487
10230637 2.504634 1.193538
12332244 3.128845 1.409876
15646234 4.001024 1.836025
19513669 5.096617 2.316324
11039798 2.771833 1.277892
10257226 2.587674 1.161638
